 anyons , CorrLen , q1 failure , q2 failure , Avg man dist, Avg Match Dist, expected len
1,    0,    0.0,    0.0,    0.0,    0,    0
1,    4,    0.0,    0.0,    1.54798842894,    1.83863333333,    0
1,    8,    0.0,    0.0,    2.88757933932,    2.13051666667,    0
1,    12,    0.0,    0.0,    4.18317907692,    2.17300690476,    0
1,    16,    0.0,    0.0,    5.36413615663,    2.14960460317,    0
1,    20,    0.0,    0.0,    6.55586688469,    2.1565902381,    0
1,    24,    0.0,    0.0,    7.72707239004,    2.16160870241,    0
1,    28,    0.0,    0.0,    8.88874620406,    2.16832592741,    0
1,    32,    0.0,    0.0,    9.97733867214,    2.16741641473,    0
1,    36,    0.0,    0.0,    11.1731110774,    2.15416096477,    0
1,    40,    0.0,    0.0,    12.2537545861,    2.1749815457,    0
1,    44,    0.0,    0.0,    13.2225316695,    2.1611089491,    0
1,    48,    0.0,    0.0,    14.1835067693,    2.1526556853,    0
1,    52,    0.0008,    0.0006,    15.1045733811,    2.15135881651,    0
1,    56,    0.005,    0.0024,    15.7328503814,    2.15798216612,    0
1,    60,    0.0166,    0.0108,    16.3803393898,    2.14026228348,    0
1,    64,    0.0504,    0.0374,    16.8823177817,    2.138188974,    0
1,    0,    0.0,    0.0,    0.0,    0,    1
1,    4,    0.0,    0.0,    1.42887132531,    1.83216666667,    1
1,    8,    0.0,    0.0,    2.78383392354,    2.08516333333,    1
1,    12,    0.0,    0.0,    4.07796482646,    2.16404,    1
1,    16,    0.0,    0.0,    5.32201728739,    2.19399214286,    1
1,    20,    0.0,    0.0,    6.46360708384,    2.17659957431,    1
1,    24,    0.0,    0.0,    7.66593565128,    2.16508836885,    1
1,    28,    0.0,    0.0,    8.79720446368,    2.17055968365,    1
1,    32,    0.0,    0.0,    9.97818959054,    2.18550345351,    1
1,    36,    0.0,    0.0,    11.1106791797,    2.14501861573,    1
1,    40,    0.0,    0.0,    12.1904998127,    2.16018874378,    1
1,    44,    0.0,    0.0,    13.2469376822,    2.15629058749,    1
1,    48,    0.0,    0.0,    14.1595252987,    2.15713990415,    1
1,    52,    0.0012,    0.0,    14.9975761242,    2.14557356285,    1
1,    56,    0.0052,    0.0018,    15.7857810674,    2.16012553388,    1
1,    60,    0.019,    0.0118,    16.3865667919,    2.15095834757,    1
1,    64,    0.0528,    0.0396,    16.8905075004,    2.14475989409,    1
1,    68,    0.1118,    0.0906,    17.2858303525,    2.1238928289,    1
1,    0,    0.0,    0.0,    0.0,    0,    2
1,    4,    0.0,    0.0,    1.27053821768,    1.84383333333,    2
1,    8,    0.0,    0.0,    2.64637258618,    2.09694,    2
1,    12,    0.0,    0.0,    3.9684998918,    2.1494002381,    2
1,    16,    0.0,    0.0,    5.22201941766,    2.19091698413,    2
1,    20,    0.0,    0.0,    6.41526603202,    2.16070369408,    2
1,    24,    0.0,    0.0,    7.56281033733,    2.17308370019,    2
1,    28,    0.0,    0.0,    8.72361038351,    2.16557225774,    2
1,    32,    0.0,    0.0,    9.93613487103,    2.15627603859,    2
1,    36,    0.0,    0.0,    11.0198884519,    2.15603191377,    2
1,    40,    0.0,    0.0,    12.1696425555,    2.15404887545,    2
1,    44,    0.0,    0.0,    13.198366504,    2.1535850221,    2
1,    48,    0.0,    0.0,    14.178023652,    2.15296655651,    2
1,    52,    0.0012,    0.0006,    14.928363506,    2.16980798523,    2
1,    56,    0.005,    0.003,    15.7354550669,    2.14927905078,    2
1,    60,    0.0172,    0.0122,    16.331825123,    2.15209515588,    2
1,    68,    0.1076,    0.0902,    17.284045513,    2.12796950723,    2
1,    0,    0.0,    0.0,    0.0,    0,    3
1,    4,    0.0,    0.0,    1.26267801015,    1.84506666667,    3
1,    8,    0.0,    0.0,    2.53900891193,    2.13634333333,    3
1,    12,    0.0004,    0.0,    3.90553385537,    2.20544761905,    3
1,    16,    0.0004,    0.0002,    5.10922299635,    2.21334873016,    3
1,    20,    0.001,    0.0,    6.29924128939,    2.1866212482,    3
1,    24,    0.0006,    0.0,    7.50941848163,    2.20248016928,    3
1,    28,    0.0012,    0.0,    8.65069636734,    2.1961989405,    3
1,    32,    0.0012,    0.0,    9.86333810852,    2.19132710616,    3
1,    36,    0.0014,    0.0,    10.9835822937,    2.20895807704,    3
1,    40,    0.0014,    0.0002,    12.0579890541,    2.19541379615,    3
1,    44,    0.001,    0.0,    13.1062335054,    2.18729472771,    3
1,    48,    0.0008,    0.0002,    14.096394117,    2.18468709722,    3
1,    52,    0.0016,    0.0,    14.9701407532,    2.18596831732,    3
1,    56,    0.0054,    0.0028,    15.7037801689,    2.18501317923,    3
1,    0,    0.0,    0.0,    0.0,    0,    4
1,    4,    0.0,    0.0,    1.36495219876,    1.82953333333,    4
1,    8,    0.0,    0.0,    2.56081928563,    2.09807666667,    4
1,    12,    0.0002,    0.0,    3.81623495601,    2.15265952381,    4
1,    16,    0.0002,    0.0,    5.07576593366,    2.17077739538,    4
1,    20,    0.0,    0.0,    6.27436168972,    2.15369801587,    4
1,    24,    0.0006,    0.0,    7.49407422772,    2.16957270008,    4
1,    28,    0.0,    0.0,    8.65972529152,    2.17554067988,    4
1,    32,    0.0004,    0.0,    9.81469157161,    2.17652439866,    4
1,    36,    0.0,    0.0,    10.9716742968,    2.17001606616,    4
1,    40,    0.0002,    0.0,    12.0579775895,    2.16916940898,    4
1,    44,    0.0002,    0.0,    13.0928255171,    2.17114898004,    4
1,    48,    0.0006,    0.0,    14.0429432979,    2.1640285368,    4
1,    52,    0.0006,    0.0,    14.9038978164,    2.15992741682,    4
1,    56,    0.0038,    0.002,    15.6606934764,    2.16206360583,    4
1,    60,    0.0098,    0.0068,    16.3268135117,    2.15308486568,    4
1,    64,    0.035,    0.0292,    16.7764500883,    2.15156657606,    4
1,    0,    0.0,    0.0,    0.0,    0,    5
1,    4,    0.0,    0.0,    1.49005613145,    1.82976666667,    5
1,    8,    0.0,    0.0,    2.57101144499,    2.08422333333,    5
1,    12,    0.0,    0.0,    3.82029834134,    2.18042809524,    5
1,    16,    0.0,    0.0,    5.0656737905,    2.14813698413,    5
1,    20,    0.0002,    0.0,    6.17359700285,    2.15525848485,    5
1,    24,    0.0,    0.0,    7.45675877784,    2.16982662338,    5
1,    28,    0.0002,    0.0,    8.63580617144,    2.14555235098,    5
1,    32,    0.0,    0.0,    9.81009099037,    2.15544244626,    5
1,    36,    0.0,    0.0,    10.8885667949,    2.15388392398,    5
1,    40,    0.0,    0.0,    11.9919804445,    2.16963556174,    5
1,    44,    0.0,    0.0,    13.0639141224,    2.15562969724,    5
1,    48,    0.001,    0.0,    14.0264810822,    2.16351345595,    5
1,    52,    0.0004,    0.0,    14.9028749054,    2.16579280269,    5
1,    56,    0.004,    0.0016,    15.5972224972,    2.14685866322,    5
1,    60,    0.0152,    0.0108,    16.2642380999,    2.15324317826,    5
1,    0,    0.0,    0.0,    0.0,    0,    6
1,    4,    0.0,    0.0,    1.56352927011,    1.84076666667,    6
1,    8,    0.0,    0.0,    2.5956359909,    2.14132666667,    6
1,    12,    0.0002,    0.0,    3.77937364429,    2.2168752381,    6
1,    16,    0.0006,    0.0,    5.04395063432,    2.20070722222,    6
1,    20,    0.0008,    0.0002,    6.21000631026,    2.21716368687,    6
1,    24,    0.0008,    0.0004,    7.42160715985,    2.21906108669,    6
1,    28,    0.0014,    0.0002,    8.57577808717,    2.21588864802,    6
1,    32,    0.0028,    0.0004,    9.73015079825,    2.20879999393,    6
1,    36,    0.0008,    0.0004,    10.8555334418,    2.21078364563,    6
1,    40,    0.0024,    0.0,    11.9533537707,    2.21238685075,    6
1,    44,    0.002,    0.0002,    13.0316431997,    2.21284052525,    6
1,    48,    0.003,    0.0002,    13.9635588377,    2.21532764078,    6
1,    52,    0.0036,    0.0004,    14.8127871273,    2.21020621786,    6
1,    56,    0.006,    0.0014,    15.5551070742,    2.2133993786,    6
1,    60,    0.0176,    0.0096,    16.2669447006,    2.20654562573,    6
1,    64,    0.0454,    0.0348,    16.7341361712,    2.19800583699,    6
1,    0,    0.0,    0.0,    0.0,    0,    7
1,    4,    0.0,    0.0,    1.59946129819,    1.8153,    7
1,    8,    0.0,    0.0,    2.70737287164,    2.11508,    7
1,    12,    0.0002,    0.0,    3.79045732924,    2.19304214286,    7
1,    16,    0.0008,    0.0,    4.99601370923,    2.20483825397,    7
1,    20,    0.0004,    0.0,    6.17823549207,    2.20409743146,    7
1,    24,    0.0012,    0.0,    7.39689036249,    2.1916518648,    7
1,    28,    0.0008,    0.0,    8.56138031989,    2.1961396065,    7
1,    32,    0.001,    0.0002,    9.70397689827,    2.1955802639,    7
1,    36,    0.001,    0.0,    10.9441834933,    2.18261674843,    7
1,    40,    0.001,    0.0002,    11.9713360556,    2.21038216832,    7
1,    44,    0.0018,    0.0002,    12.9900262163,    2.19236713615,    7
1,    48,    0.0018,    0.0002,    13.9659386361,    2.18754767126,    7
1,    52,    0.0028,    0.0002,    14.854127498,    2.18321672488,    7
1,    56,    0.0048,    0.0028,    15.5460001939,    2.20092431953,    7
1,    60,    0.0164,    0.0116,    16.1483954072,    2.17515364542,    7
1,    64,    0.0484,    0.0378,    16.690003769,    2.17382988995,    7
1,    0,    0.0,    0.0,    0.0,    0,    8
1,    4,    0.0,    0.0,    1.57812744526,    1.83676666667,    8
1,    8,    0.0,    0.0,    2.79087052361,    2.11133666667,    8
1,    12,    0.0,    0.0002,    3.81315798326,    2.19077190476,    8
1,    16,    0.0006,    0.0,    4.99064369794,    2.21758039683,    8
1,    20,    0.0006,    0.0,    6.13854618059,    2.2223177417,    8
1,    24,    0.0016,    0.0,    7.37176402585,    2.21422985514,    8
1,    28,    0.001,    0.0002,    8.51133801961,    2.19281344433,    8
1,    32,    0.002,    0.0,    9.64967201274,    2.20915122404,    8
1,    36,    0.001,    0.0,    10.8443127785,    2.21685472745,    8
1,    40,    0.0026,    0.0004,    11.8585063757,    2.20764318327,    8
1,    44,    0.0018,    0.0,    12.9883963226,    2.20195187875,    8
1,    48,    0.0038,    0.0006,    13.9163833096,    2.21031432763,    8
1,    52,    0.003,    0.0006,    14.7939869416,    2.19842664087,    8
1,    56,    0.0056,    0.0016,    15.5114311781,    2.20485100546,    8
1,    60,    0.0192,    0.0128,    16.2043804151,    2.19859669333,    8
1,    64,    0.0556,    0.0422,    16.6513826508,    2.19020326953,    8
1,    0,    0.0,    0.0,    0.0,    0,    9
1,    4,    0.0,    0.0,    1.60680279727,    1.8284,    9
1,    8,    0.0,    0.0,    2.81211137847,    2.10949333333,    9
1,    12,    0.0,    0.0,    3.88045506686,    2.16337666667,    9
1,    16,    0.0002,    0.0,    5.0156819803,    2.18329214286,    9
1,    20,    0.0006,    0.0,    6.14764250122,    2.21220341991,    9
1,    24,    0.001,    0.0002,    7.27025255462,    2.18893264069,    9
1,    28,    0.001,    0.0,    8.48229370535,    2.19729945887,    9
1,    32,    0.0006,    0.0002,    9.59998257932,    2.19843701104,    9
1,    36,    0.0018,    0.0002,    10.7709683134,    2.20311293602,    9
1,    40,    0.0008,    0.0004,    11.897925219,    2.18065913776,    9
1,    44,    0.0006,    0.0002,    12.987262387,    2.193342214,    9
1,    48,    0.0016,    0.0002,    13.9385645214,    2.18097417267,    9
1,    52,    0.002,    0.0002,    14.8123318587,    2.17685366613,    9
1,    56,    0.0052,    0.0016,    15.4588587348,    2.18443946626,    9
1,    60,    0.019,    0.0132,    16.1704232292,    2.18125479069,    9
1,    64,    0.0538,    0.0426,    16.6527258509,    2.16890816742,    9
1,    0,    0.0,    0.0,    0.0,    0,    10
1,    4,    0.0,    0.0,    1.61759128517,    1.8493,    10
1,    8,    0.0004,    0.0006,    2.92150113282,    2.13215333333,    10
1,    12,    0.0014,    0.0,    3.95998262463,    2.2005852381,    10
1,    16,    0.001,    0.0,    5.00840249228,    2.22872857143,    10
1,    20,    0.0026,    0.0002,    6.16095598994,    2.22145957431,    10
1,    24,    0.0042,    0.0002,    7.26807289163,    2.23376125319,    10
1,    28,    0.0062,    0.001,    8.41432525607,    2.24148403152,    10
1,    32,    0.0064,    0.0008,    9.65945256332,    2.22049882229,    10
1,    36,    0.006,    0.002,    10.7830376661,    2.23445153076,    10
1,    40,    0.0108,    0.0012,    11.889338578,    2.2305459163,    10
1,    44,    0.0082,    0.0022,    12.923826979,    2.23032582817,    10
1,    48,    0.0084,    0.0026,    13.9368079608,    2.22552303533,    10
1,    52,    0.0124,    0.0016,    14.6768301989,    2.22889589683,    10
1,    56,    0.016,    0.0008,    15.4381289116,    2.23331080271,    10
1,    60,    0.022,    0.0072,    16.1501601235,    2.22173379705,    10
1,    64,    0.0436,    0.0234,    16.6193486436,    2.21908610941,    10
1,    0,    0.0,    0.0,    0.0,    0,    11
1,    4,    0.0,    0.0,    1.55623430606,    1.84533333333,    11
1,    8,    0.0,    0.0002,    2.9335490776,    2.12577666667,    11
1,    12,    0.0004,    0.0002,    4.05036293234,    2.19311642857,    11
1,    16,    0.0004,    0.0,    5.07815201818,    2.21991380952,    11
1,    20,    0.0006,    0.0,    6.17275795079,    2.21608231602,    11
1,    24,    0.001,    0.0002,    7.25504178727,    2.22792677767,    11
1,    28,    0.0022,    0.0006,    8.44840969689,    2.22037286325,    11
1,    32,    0.0028,    0.0002,    9.57202637262,    2.21195532939,    11
1,    36,    0.0018,    0.0002,    10.7638726219,    2.23167169347,    11
1,    40,    0.003,    0.0002,    11.7997883164,    2.21546462862,    11
1,    44,    0.0022,    0.0004,    12.870574244,    2.21953896624,    11
1,    48,    0.0038,    0.0002,    13.9084206857,    2.21767055144,    11
1,    52,    0.0046,    0.0002,    14.7146532798,    2.2211220679,    11
1,    56,    0.007,    0.0022,    15.4333346658,    2.21774594088,    11
1,    60,    0.0204,    0.0152,    16.0708724102,    2.22278498149,    11
1,    0,    0.0,    0.0,    0.0,    0,    12
1,    4,    0.0,    0.0,    1.60359396517,    1.82276666667,    12
1,    8,    0.0,    0.0,    2.90861099206,    2.12294333333,    12
1,    12,    0.0,    0.0,    4.02021452531,    2.18205357143,    12
1,    16,    0.0,    0.0,    5.06956794055,    2.16345888889,    12
1,    20,    0.0008,    0.0,    6.18377861033,    2.17115357143,    12
1,    24,    0.0004,    0.0,    7.25567485537,    2.1865957154,    12
1,    28,    0.0008,    0.0,    8.42642629269,    2.19867667721,    12
1,    32,    0.0004,    0.0,    9.5643888247,    2.19945426544,    12
1,    36,    0.001,    0.0,    10.644196752,    2.1907217406,    12
1,    40,    0.0014,    0.0002,    11.7947618712,    2.18513120546,    12
1,    44,    0.0014,    0.0004,    12.8631049504,    2.18994991664,    12
1,    48,    0.0018,    0.0002,    13.7768387879,    2.18192781367,    12
1,    52,    0.0032,    0.0004,    14.6972934481,    2.18804047133,    12
1,    56,    0.0082,    0.003,    15.4339098476,    2.18235643403,    12
1,    60,    0.0272,    0.016,    16.0659821439,    2.17684238256,    12
1,    0,    0.0,    0.0,    0.0,    0,    13
1,    4,    0.0,    0.0,    1.58069152151,    1.83123333333,    13
1,    8,    0.0,    0.0,    2.97177231277,    2.11907333333,    13
1,    12,    0.0,    0.0,    4.11310452636,    2.16823309524,    13
1,    16,    0.0002,    0.0,    5.21364377955,    2.16500142857,    13
1,    20,    0.0002,    0.0,    6.19287631482,    2.19664601732,    13
1,    24,    0.0002,    0.0,    7.27819328165,    2.21538559496,    13
1,    28,    0.0002,    0.0,    8.43832370411,    2.2169483744,    13
1,    32,    0.001,    0.0,    9.56799249319,    2.21492542069,    13
1,    36,    0.001,    0.0002,    10.7112707493,    2.19546332906,    13
1,    40,    0.0028,    0.0002,    11.805982196,    2.20143500883,    13
1,    44,    0.0014,    0.0004,    12.8077458418,    2.21105588217,    13
1,    48,    0.0018,    0.0,    13.8128012836,    2.20514973119,    13
1,    52,    0.0032,    0.0014,    14.6785232591,    2.20209427717,    13
1,    56,    0.0124,    0.0048,    15.4287996885,    2.20208076816,    13
1,    60,    0.0352,    0.025,    16.0679602886,    2.19402846197,    13
1,    64,    0.0878,    0.0682,    16.5980328136,    2.1847003004,    13
1,    0,    0.0,    0.0,    0.0,    0,    14
1,    4,    0.0,    0.0,    1.61539084361,    1.82533333333,    14
1,    8,    0.0,    0.0,    2.90524889132,    2.1086,    14
1,    12,    0.0,    0.0,    4.12345486855,    2.19178928571,    14
1,    16,    0.0,    0.0,    5.22139624917,    2.1980031746,    14
1,    20,    0.0,    0.0,    6.2419454479,    2.18088774892,    14
1,    24,    0.0002,    0.0002,    7.28321919444,    2.2015273199,    14
1,    28,    0.0004,    0.0,    8.42862400412,    2.20127463203,    14
1,    32,    0.0002,    0.0,    9.57090061315,    2.17395672189,    14
1,    36,    0.0004,    0.0002,    10.6689987246,    2.20926186374,    14
1,    40,    0.0008,    0.0,    11.804794555,    2.19691964151,    14
1,    44,    0.0008,    0.0,    12.825060116,    2.18003430976,    14
1,    48,    0.0018,    0.0,    13.8190004803,    2.16884804584,    14
1,    52,    0.0058,    0.0006,    14.6643647685,    2.18491308048,    14
1,    56,    0.0146,    0.0046,    15.4092968534,    2.18211497893,    14
1,    60,    0.038,    0.023,    15.9954148768,    2.18941124574,    14
1,    64,    0.0942,    0.0712,    16.515291894,    2.17774874538,    14
1,    0,    0.0,    0.0,    0.0,    0,    15
1,    4,    0.0,    0.0,    1.59787028952,    1.83386666667,    15
1,    8,    0.0,    0.0,    2.8870508893,    2.13110666667,    15
1,    12,    0.0,    0.0,    4.15292815768,    2.18821952381,    15
1,    16,    0.0,    0.0,    5.234910673,    2.18930328283,    15
1,    20,    0.0,    0.0,    6.30754229183,    2.18119893218,    15
1,    24,    0.0,    0.0,    7.37682680758,    2.17955786658,    15
1,    28,    0.0,    0.0002,    8.44585366683,    2.17819510934,    15
1,    32,    0.0,    0.0004,    9.55672806759,    2.17912035798,    15
1,    36,    0.0002,    0.0,    10.6581505449,    2.17673643438,    15
1,    40,    0.0,    0.0004,    11.8241503067,    2.17149453572,    15
1,    44,    0.001,    0.0,    12.875902552,    2.17464223459,    15
1,    48,    0.0008,    0.0002,    13.7307458532,    2.18054955341,    15
1,    52,    0.005,    0.0014,    14.6263951836,    2.17228120511,    15
1,    56,    0.0164,    0.0064,    15.3370173689,    2.18387071425,    15
1,    60,    0.0444,    0.0282,    15.9677158906,    2.1666464801,    15
1,    68,    0.178,    0.1366,    16.9132481655,    2.15401457986,    15
1,    0,    0.0,    0.0,    0.0,    0,    16
1,    4,    0.0,    0.0,    1.5846645217,    1.82586666667,    16
1,    8,    0.0,    0.0,    2.93944059655,    2.12853666667,    16
1,    12,    0.0,    0.0,    4.19084807149,    2.17342404762,    16
1,    16,    0.0,    0.0,    5.25708717097,    2.18674,    16
1,    20,    0.0,    0.0,    6.33111445472,    2.18934871573,    16
1,    24,    0.0004,    0.0,    7.35569815904,    2.19747249806,    16
1,    28,    0.0008,    0.0002,    8.46416216867,    2.17545555667,    16
1,    32,    0.0004,    0.0004,    9.51888305407,    2.18712051524,    16
1,    36,    0.0004,    0.0,    10.713961642,    2.19111265648,    16
1,    40,    0.0008,    0.0,    11.7772089962,    2.18280088794,    16
1,    44,    0.0012,    0.0,    12.7898719376,    2.18582240226,    16
1,    48,    0.0026,    0.0002,    13.7465086145,    2.18553003132,    16
1,    52,    0.0086,    0.0016,    14.5680931916,    2.20246414355,    16
1,    56,    0.0184,    0.0074,    15.3548545469,    2.19296264628,    16
1,    60,    0.055,    0.0342,    15.9140766836,    2.19606762714,    16
1,    0,    0.0,    0.0,    0.0,    0,    17
1,    4,    0.0,    0.0,    1.60707946491,    1.83863333333,    17
1,    8,    0.0,    0.0,    2.91490959533,    2.10328666667,    17
1,    12,    0.0,    0.0,    4.16419055052,    2.20547714286,    17
1,    16,    0.0,    0.0,    5.30743713637,    2.18391531746,    17
1,    20,    0.0,    0.0,    6.35813312821,    2.18325640693,    17
1,    24,    0.0,    0.0,    7.39849457187,    2.17632803308,    17
1,    28,    0.0,    0.0,    8.42754309719,    2.16228026585,    17
1,    32,    0.0,    0.0,    9.56599660064,    2.17753912643,    17
1,    36,    0.0004,    0.0,    10.6476625877,    2.16951399496,    17
1,    40,    0.0002,    0.0,    11.7690025901,    2.17526471765,    17
1,    44,    0.0012,    0.0002,    12.7987748845,    2.17826992214,    17
1,    48,    0.0026,    0.0,    13.7499132328,    2.17481312473,    17
1,    52,    0.0072,    0.0016,    14.5461278369,    2.18204275704,    17
1,    56,    0.02,    0.0084,    15.3456891472,    2.18681131389,    17
1,    60,    0.0594,    0.034,    15.9435180226,    2.18848063751,    17
1,    64,    0.1134,    0.077,    16.4754851881,    2.18443966782,    17
1,    0,    0.0,    0.0,    0.0,    0,    18
1,    4,    0.0,    0.0,    1.60348099773,    1.8266,    18
1,    8,    0.0,    0.0,    2.90854066838,    2.11605333333,    18
1,    12,    0.0,    0.0,    4.14375839233,    2.18139571429,    18
1,    16,    0.0,    0.0,    5.31712643371,    2.17291333333,    18
1,    20,    0.0,    0.0,    6.38524651898,    2.18316033911,    18
1,    24,    0.0004,    0.0002,    7.3923927178,    2.20795634588,    18
1,    28,    0.0002,    0.0002,    8.45165510156,    2.19908150794,    18
1,    32,    0.0002,    0.0,    9.55632077852,    2.20191831252,    18
1,    36,    0.0008,    0.0004,    10.7056333267,    2.21475944557,    18
1,    40,    0.0004,    0.0,    11.7597124654,    2.18994276354,    18
1,    44,    0.0024,    0.0,    12.8245130747,    2.18822581475,    18
1,    48,    0.0028,    0.0002,    13.7215890467,    2.20360009972,    18
1,    52,    0.0104,    0.0026,    14.6105698086,    2.1937939373,    18
1,    56,    0.0288,    0.0134,    15.2847208353,    2.19714117399,    18
1,    60,    0.0642,    0.04,    15.9338705109,    2.1918079454,    18
1,    0,    0.0,    0.0,    0.0,    0,    19
1,    4,    0.0,    0.0,    1.59089905491,    1.8444,    19
1,    8,    0.0,    0.0,    2.92888498397,    2.12365666667,    19
1,    12,    0.0,    0.0,    4.13874652185,    2.16574190476,    19
1,    16,    0.0,    0.0,    5.30232817975,    2.16698880952,    19
1,    20,    0.0,    0.0,    6.41546073003,    2.16827307359,    19
1,    24,    0.0,    0.0,    7.46250389812,    2.18324022977,    19
1,    28,    0.0,    0.0,    8.50139481928,    2.18058015707,    19
1,    32,    0.0002,    0.0,    9.53835560977,    2.18302875162,    19
1,    36,    0.0002,    0.0002,    10.706711498,    2.19692353054,    19
1,    40,    0.001,    0.0,    11.7105058931,    2.1674862858,    19
1,    44,    0.0012,    0.0,    12.7133803702,    2.18518817883,    19
1,    48,    0.0044,    0.0002,    13.7040331913,    2.18372534977,    19
1,    52,    0.007,    0.0018,    14.5709276883,    2.1785703033,    19
1,    56,    0.0284,    0.0142,    15.2974592459,    2.1751245318,    19
1,    60,    0.0658,    0.038,    15.9077984107,    2.19020238102,    19
1,    64,    0.1128,    0.0728,    16.3641232717,    2.18182530414,    19
