L, w_bar, strength, sigma_sq, anyons, N, p_failure 
40, 10.0, 1, 15, 15, 32, 0.722352941176
40, 4.0, 1, 16, 15, 32, 0.390294117647
40, 9.5, 1, 16, 15, 32, 0.667058823529
40, 9.0, 1, 11, 15, 32, 0.652058823529
40, 6.5, 1, 2, 15, 32, 0.432647058824
40, 9.0, 1, 14, 15, 32, 0.600588235294
40, 0.5, 1, 9, 15, 32, 0.399117647059
40, 6.5, 1, 10, 15, 32, 0.419705882353
40, 8.0, 1, 10, 15, 32, 0.557647058824
40, 2.0, 1, 1, 15, 32, 0.414117647059
40, 8.5, 1, 12, 15, 32, 0.565
40, 1.0, 1, 12, 15, 32, 0.382647058824
40, 5.5, 1, 2, 15, 32, 0.407647058824
40, 6.0, 1, 17, 15, 32, 0.392941176471
40, 4.5, 1, 8, 15, 32, 0.378823529412
40, 4.5, 1, 13, 15, 32, 0.382941176471
40, 2.5, 1, 7, 15, 32, 0.398235294118
40, 6.5, 1, 19, 15, 32, 0.405588235294
40, 10.0, 1, 17, 15, 32, 0.712058823529
40, 10.0, 1, 14, 15, 32, 0.765294117647
40, 4.0, 1, 19, 15, 32, 0.375294117647
40, 10.0, 1, 2, 15, 32, 0.650588235294
40, 4.0, 1, 9, 15, 32, 0.377352941176
40, 2.5, 1, 10, 15, 32, 0.394705882353
40, 3.5, 1, 18, 15, 32, 0.364411764706
40, 9.0, 1, 15, 15, 32, 0.594705882353
40, 3.0, 1, 16, 15, 32, 0.388235294118
40, 1.5, 1, 19, 15, 32, 0.404117647059
40, 9.0, 1, 3, 15, 32, 0.549705882353
40, 3.0, 1, 4, 15, 32, 0.423235294118
40, 7.5, 1, 3, 15, 32, 0.447647058824
40, 4.5, 1, 2, 15, 32, 0.407352941176
40, 2.0, 1, 20, 15, 32, 0.358529411765
40, 2.0, 1, 5, 15, 32, 0.418529411765
40, 5.5, 1, 7, 15, 32, 0.378823529412
40, 0.0, 1, 8, 15, 32, 0.431176470588
40, 1.0, 1, 13, 15, 32, 0.390588235294
40, 1.0, 1, 17, 15, 32, 0.413529411765
40, 2.5, 1, 12, 15, 32, 0.380294117647
40, 6.0, 1, 14, 15, 32, 0.385588235294
40, 5.5, 1, 11, 15, 32, 0.388235294118
40, 3.5, 1, 2, 15, 32, 0.405588235294
40, 8.5, 1, 4, 15, 32, 0.546764705882
40, 2.5, 1, 13, 15, 32, 0.385
40, 10.0, 1, 16, 15, 32, 0.715
40, 10.0, 1, 1, 15, 32, 0.587352941176
40, 4.0, 1, 8, 15, 32, 0.382058823529
40, 4.5, 1, 16, 15, 32, 0.342941176471
40, 4.0, 1, 4, 15, 32, 0.407647058824
40, 1.5, 1, 4, 15, 32, 0.441764705882
40, 8.5, 1, 17, 15, 32, 0.610882352941
40, 8.5, 1, 11, 15, 32, 0.573235294118
40, 9.5, 1, 5, 15, 32, 0.656764705882
40, 3.0, 1, 9, 15, 32, 0.400588235294
40, 3.0, 1, 20, 15, 32, 0.386764705882
40, 2.0, 1, 19, 15, 32, 0.386470588235
40, 2.0, 1, 4, 15, 32, 0.421176470588
40, 2.5, 1, 5, 15, 32, 0.411470588235
40, 2.0, 1, 8, 15, 32, 0.416764705882
40, 1.0, 1, 20, 15, 32, 0.358529411765
40, 1.5, 1, 11, 15, 32, 0.410882352941
40, 0.5, 1, 1, 15, 32, 0.406764705882
40, 1.0, 1, 15, 15, 32, 0.424411764706
40, 7.5, 1, 8, 15, 32, 0.449411764706
40, 1.5, 1, 14, 15, 32, 0.429411764706
40, 5.5, 1, 18, 15, 32, 0.387058823529
40, 7.5, 1, 15, 15, 32, 0.498823529412
40, 3.5, 1, 8, 15, 32, 0.420294117647
40, 0.5, 1, 13, 15, 32, 0.409705882353
40, 6.5, 1, 17, 15, 32, 0.417352941176
40, 5.0, 1, 1, 15, 32, 0.395294117647
40, 7.0, 1, 3, 15, 32, 0.419705882353
40, 2.5, 1, 15, 15, 32, 0.392647058824
40, 4.0, 1, 7, 15, 32, 0.382352941176
40, 4.5, 1, 1, 15, 32, 0.409117647059
40, 10.0, 1, 10, 15, 32, 0.737352941176
40, 6.5, 1, 4, 15, 32, 0.411470588235
40, 0.0, 1, 15, 15, 32, 0.42
40, 4.5, 1, 15, 15, 32, 0.365588235294
40, 7.5, 1, 16, 15, 32, 0.507058823529
40, 2.0, 1, 17, 15, 32, 0.374705882353
40, 8.0, 1, 12, 15, 32, 0.491764705882
40, 0.5, 1, 12, 15, 32, 0.415882352941
40, 1.0, 1, 8, 15, 32, 0.414705882353
40, 5.5, 1, 14, 15, 32, 0.377058823529
40, 8.5, 1, 8, 15, 32, 0.522058823529
40, 7.0, 1, 9, 15, 32, 0.429705882353
40, 4.5, 1, 10, 15, 32, 0.375294117647
40, 6.5, 1, 7, 15, 32, 0.402647058824
40, 6.0, 1, 3, 15, 32, 0.386176470588
40, 9.5, 1, 9, 15, 32, 0.647941176471
40, 6.0, 1, 8, 15, 32, 0.373235294118
40, 5.5, 1, 19, 15, 32, 0.37
40, 6.0, 1, 1, 15, 32, 0.425588235294
40, 8.5, 1, 13, 15, 32, 0.564117647059
40, 5.0, 1, 2, 15, 32, 0.429705882353
40, 1.5, 1, 9, 15, 32, 0.445294117647
40, 4.0, 1, 3, 15, 32, 0.402941176471
40, 5.5, 1, 3, 15, 32, 0.413823529412
40, 6.5, 1, 13, 15, 32, 0.397058823529
40, 1.5, 1, 15, 15, 32, 0.387647058824
40, 2.5, 1, 14, 15, 32, 0.374117647059
40, 2.0, 1, 16, 15, 32, 0.385882352941
40, 3.5, 1, 19, 15, 32, 0.406176470588
40, 8.0, 1, 15, 15, 32, 0.519117647059
40, 4.5, 1, 20, 15, 32, 0.383823529412
40, 8.0, 1, 3, 15, 32, 0.457058823529
40, 0.0, 1, 9, 15, 32, 0.427058823529
40, 8.0, 1, 16, 15, 32, 0.491176470588
40, 3.5, 1, 13, 15, 32, 0.389705882353
40, 7.5, 1, 7, 15, 32, 0.444705882353
40, 7.0, 1, 14, 15, 32, 0.433529411765
40, 8.5, 1, 20, 15, 32, 0.542647058824
40, 6.0, 1, 16, 15, 32, 0.371176470588
40, 6.0, 1, 15, 15, 32, 0.398823529412
40, 4.5, 1, 18, 15, 32, 0.376764705882
40, 7.5, 1, 11, 15, 32, 0.469411764706
40, 5.5, 1, 6, 15, 32, 0.411176470588
40, 0.5, 1, 5, 15, 32, 0.415588235294
40, 7.5, 1, 10, 15, 32, 0.465588235294
40, 5.0, 1, 8, 15, 32, 0.368823529412
40, 0.5, 1, 20, 15, 32, 0.407352941176
40, 5.0, 1, 4, 15, 32, 0.411176470588
40, 6.5, 1, 3, 15, 32, 0.424411764706
40, 0.5, 1, 2, 15, 32, 0.406470588235
40, 5.5, 1, 8, 15, 32, 0.398235294118
40, 10.0, 1, 7, 15, 32, 0.742647058824
40, 9.5, 1, 10, 15, 32, 0.655294117647
40, 9.0, 1, 6, 15, 32, 0.59
40, 8.0, 1, 2, 15, 32, 0.476470588235
40, 8.0, 1, 19, 15, 32, 0.542058823529
40, 8.0, 1, 7, 15, 32, 0.497352941176
40, 7.5, 1, 17, 15, 32, 0.491764705882
40, 7.0, 1, 1, 15, 32, 0.418823529412
40, 9.5, 1, 17, 15, 32, 0.684411764706
40, 7.0, 1, 12, 15, 32, 0.437647058824
40, 7.5, 1, 1, 15, 32, 0.485882352941
40, 5.0, 1, 5, 15, 32, 0.390588235294
40, 8.5, 1, 9, 15, 32, 0.537058823529
40, 5.0, 1, 17, 15, 32, 0.375
40, 3.5, 1, 3, 15, 32, 0.417941176471
40, 8.5, 1, 3, 15, 32, 0.516176470588
40, 4.5, 1, 5, 15, 32, 0.403823529412
40, 10.0, 1, 6, 15, 32, 0.717941176471
40, 10.0, 1, 11, 15, 32, 0.757647058824
40, 9.0, 1, 12, 15, 32, 0.602647058824
40, 0.5, 1, 18, 15, 32, 0.408823529412
40, 6.5, 1, 8, 15, 32, 0.427058823529
40, 2.0, 1, 13, 15, 32, 0.392058823529
40, 9.5, 1, 11, 15, 32, 0.663235294118
40, 7.0, 1, 13, 15, 32, 0.448529411765
40, 1.0, 1, 2, 15, 32, 0.409411764706
40, 6.0, 1, 19, 15, 32, 0.398529411765
40, 8.5, 1, 14, 15, 32, 0.586764705882
40, 2.5, 1, 3, 15, 32, 0.426764705882
40, 5.0, 1, 18, 15, 32, 0.401764705882
40, 9.5, 1, 12, 15, 32, 0.709117647059
40, 0.0, 1, 6, 15, 32, 0.396764705882
40, 10.0, 1, 19, 15, 32, 0.74
40, 4.0, 1, 17, 15, 32, 0.373529411765
40, 10.0, 1, 4, 15, 32, 0.718235294118
40, 5.5, 1, 1, 15, 32, 0.420294117647
40, 4.0, 1, 13, 15, 32, 0.370588235294
40, 5.5, 1, 17, 15, 32, 0.382352941176
40, 1.5, 1, 12, 15, 32, 0.410588235294
40, 9.0, 1, 18, 15, 32, 0.635294117647
40, 9.0, 1, 13, 15, 32, 0.645882352941
40, 9.0, 1, 1, 15, 32, 0.554117647059
40, 3.0, 1, 6, 15, 32, 0.422058823529
40, 2.5, 1, 19, 15, 32, 0.374705882353
40, 3.0, 1, 2, 15, 32, 0.414117647059
40, 2.0, 1, 7, 15, 32, 0.423529411765
40, 3.5, 1, 16, 15, 32, 0.375294117647
40, 1.0, 1, 3, 15, 32, 0.418823529412
40, 3.5, 1, 9, 15, 32, 0.389705882353
40, 1.0, 1, 6, 15, 32, 0.410294117647
40, 0.0, 1, 14, 15, 32, 0.417058823529
40, 9.5, 1, 2, 15, 32, 0.606176470588
40, 6.5, 1, 15, 15, 32, 0.396176470588
40, 7.5, 1, 14, 15, 32, 0.498235294118
40, 5.0, 1, 13, 15, 32, 0.377941176471
40, 10.0, 1, 18, 15, 32, 0.740294117647
40, 8.5, 1, 16, 15, 32, 0.604705882353
40, 10.0, 1, 3, 15, 32, 0.689117647059
40, 4.0, 1, 12, 15, 32, 0.358823529412
40, 7.5, 1, 4, 15, 32, 0.464117647059
40, 6.5, 1, 6, 15, 32, 0.427352941176
40, 7.5, 1, 13, 15, 32, 0.441176470588
40, 9.0, 1, 19, 15, 32, 0.625882352941
40, 3.5, 1, 6, 15, 32, 0.382352941176
40, 0.5, 1, 7, 15, 32, 0.430882352941
40, 9.0, 1, 2, 15, 32, 0.550294117647
40, 3.0, 1, 7, 15, 32, 0.389117647059
40, 3.0, 1, 11, 15, 32, 0.402352941176
40, 2.0, 1, 6, 15, 32, 0.42
40, 8.5, 1, 2, 15, 32, 0.520294117647
40, 2.0, 1, 10, 15, 32, 0.419411764706
40, 4.5, 1, 12, 15, 32, 0.385
40, 1.0, 1, 16, 15, 32, 0.422058823529
40, 0.5, 1, 10, 15, 32, 0.391764705882
40, 1.0, 1, 7, 15, 32, 0.425588235294
40, 1.0, 1, 19, 15, 32, 0.369705882353
40, 1.0, 1, 11, 15, 32, 0.419411764706
40, 2.5, 1, 1, 15, 32, 0.415
40, 1.5, 1, 2, 15, 32, 0.430588235294
40, 7.5, 1, 2, 15, 32, 0.459705882353
40, 2.5, 1, 8, 15, 32, 0.4
40, 6.5, 1, 20, 15, 32, 0.388823529412
40, 5.0, 1, 15, 15, 32, 0.387941176471
40, 4.0, 1, 5, 15, 32, 0.386176470588
40, 4.0, 1, 18, 15, 32, 0.368529411765
40, 4.0, 1, 14, 15, 32, 0.374705882353
40, 3.0, 1, 8, 15, 32, 0.416470588235
40, 4.5, 1, 14, 15, 32, 0.377941176471
40, 3.0, 1, 15, 15, 32, 0.38
40, 9.0, 1, 9, 15, 32, 0.587647058824
40, 2.0, 1, 9, 15, 32, 0.385294117647
40, 3.5, 1, 10, 15, 32, 0.365
40, 7.5, 1, 18, 15, 32, 0.503529411765
40, 8.0, 1, 20, 15, 32, 0.519705882353
40, 8.0, 1, 8, 15, 32, 0.521176470588
40, 6.5, 1, 14, 15, 32, 0.411470588235
40, 3.5, 1, 11, 15, 32, 0.387352941176
40, 1.0, 1, 18, 15, 32, 0.375294117647
40, 7.0, 1, 11, 15, 32, 0.421176470588
40, 4.5, 1, 3, 15, 32, 0.407058823529
40, 6.0, 1, 13, 15, 32, 0.392058823529
40, 0.0, 1, 2, 15, 32, 0.406470588235
40, 9.5, 1, 18, 15, 32, 0.735
40, 6.5, 1, 12, 15, 32, 0.390294117647
40, 6.0, 1, 10, 15, 32, 0.388823529412
40, 4.5, 1, 17, 15, 32, 0.357647058824
40, 5.0, 1, 11, 15, 32, 0.355294117647
40, 8.5, 1, 18, 15, 32, 0.552058823529
40, 1.5, 1, 18, 15, 32, 0.395
40, 4.0, 1, 1, 15, 32, 0.430588235294
40, 0.5, 1, 8, 15, 32, 0.426470588235
40, 8.5, 1, 1, 15, 32, 0.503823529412
40, 3.5, 1, 4, 15, 32, 0.416470588235
40, 1.5, 1, 6, 15, 32, 0.412647058824
40, 3.0, 1, 12, 15, 32, 0.392058823529
40, 1.5, 1, 17, 15, 32, 0.382941176471
40, 8.5, 1, 19, 15, 32, 0.545
40, 0.5, 1, 15, 15, 32, 0.381470588235
40, 8.0, 1, 13, 15, 32, 0.486176470588
40, 8.0, 1, 1, 15, 32, 0.473529411765
40, 2.0, 1, 2, 15, 32, 0.406176470588
40, 0.0, 1, 17, 15, 32, 0.389411764706
40, 1.5, 1, 8, 15, 32, 0.418823529412
40, 2.5, 1, 16, 15, 32, 0.367647058824
40, 7.0, 1, 8, 15, 32, 0.436470588235
40, 7.0, 1, 4, 15, 32, 0.420588235294
40, 6.0, 1, 20, 15, 32, 0.396470588235
40, 6.0, 1, 9, 15, 32, 0.404117647059
40, 6.0, 1, 5, 15, 32, 0.396176470588
40, 2.5, 1, 4, 15, 32, 0.446176470588
40, 3.5, 1, 14, 15, 32, 0.391470588235
40, 5.5, 1, 15, 15, 32, 0.382941176471
40, 5.0, 1, 19, 15, 32, 0.376176470588
40, 5.0, 1, 12, 15, 32, 0.349705882353
40, 4.5, 1, 19, 15, 32, 0.373823529412
40, 2.5, 1, 9, 15, 32, 0.397352941176
40, 0.0, 1, 16, 15, 32, 0.411176470588
40, 10.0, 1, 9, 15, 32, 0.723529411765
40, 5.5, 1, 16, 15, 32, 0.4
40, 3.0, 1, 19, 15, 32, 0.367941176471
40, 9.0, 1, 4, 15, 32, 0.561176470588
40, 7.5, 1, 6, 15, 32, 0.462058823529
40, 0.0, 1, 20, 15, 32, 0.405588235294
40, 8.0, 1, 17, 15, 32, 0.492058823529
40, 8.0, 1, 5, 15, 32, 0.500588235294
40, 7.0, 1, 5, 15, 32, 0.395294117647
40, 1.5, 1, 1, 15, 32, 0.377647058824
40, 7.0, 1, 20, 15, 32, 0.442647058824
40, 0.5, 1, 14, 15, 32, 0.377058823529
40, 6.0, 1, 4, 15, 32, 0.413235294118
40, 8.5, 1, 7, 15, 32, 0.567352941176
40, 0.5, 1, 11, 15, 32, 0.443529411765
40, 1.5, 1, 20, 15, 32, 0.387941176471
40, 9.5, 1, 1, 15, 32, 0.576470588235
40, 5.0, 1, 20, 15, 32, 0.369411764706
40, 1.5, 1, 7, 15, 32, 0.419411764706
40, 8.5, 1, 10, 15, 32, 0.556176470588
40, 2.5, 1, 20, 15, 32, 0.383823529412
40, 4.0, 1, 2, 15, 32, 0.413823529412
40, 10.0, 1, 8, 15, 32, 0.745294117647
40, 10.0, 1, 13, 15, 32, 0.752058823529
40, 1.5, 1, 10, 15, 32, 0.39
40, 9.0, 1, 5, 15, 32, 0.567352941176
40, 10.0, 1, 5, 15, 32, 0.712058823529
40, 9.0, 1, 8, 15, 32, 0.59
40, 3.0, 1, 17, 15, 32, 0.388529411765
40, 5.5, 1, 4, 15, 32, 0.4
40, 2.0, 1, 15, 15, 32, 0.377647058824
40, 3.5, 1, 15, 15, 32, 0.351764705882
40, 1.0, 1, 14, 15, 32, 0.388529411765
40, 5.5, 1, 10, 15, 32, 0.369117647059
40, 9.5, 1, 7, 15, 32, 0.662941176471
40, 4.5, 1, 7, 15, 32, 0.382058823529
40, 8.5, 1, 15, 15, 32, 0.537352941176
40, 4.5, 1, 4, 15, 32, 0.387941176471
40, 5.0, 1, 16, 15, 32, 0.393235294118
40, 8.5, 1, 6, 15, 32, 0.53
40, 1.5, 1, 13, 15, 32, 0.414705882353
40, 3.5, 1, 7, 15, 32, 0.398823529412
40, 5.5, 1, 20, 15, 32, 0.394411764706
40, 3.0, 1, 5, 15, 32, 0.435
40, 10.0, 1, 12, 15, 32, 0.76
40, 8.5, 1, 5, 15, 32, 0.521176470588
40, 4.0, 1, 11, 15, 32, 0.400882352941
40, 6.5, 1, 11, 15, 32, 0.386470588235
40, 9.0, 1, 16, 15, 32, 0.630588235294
40, 9.0, 1, 7, 15, 32, 0.601764705882
40, 0.0, 1, 3, 15, 32, 0.405294117647
40, 1.5, 1, 5, 15, 32, 0.427058823529
40, 2.0, 1, 14, 15, 32, 0.381764705882
40, 2.0, 1, 18, 15, 32, 0.377352941176
40, 2.0, 1, 3, 15, 32, 0.416470588235
40, 9.5, 1, 8, 15, 32, 0.688235294118
40, 0.0, 1, 13, 15, 32, 0.427941176471
40, 1.0, 1, 4, 15, 32, 0.422352941176
40, 9.5, 1, 15, 15, 32, 0.690294117647
40, 2.5, 1, 11, 15, 32, 0.394117647059
40, 1.5, 1, 16, 15, 32, 0.362352941176
40, 6.5, 1, 5, 15, 32, 0.409705882353
40, 7.5, 1, 12, 15, 32, 0.470294117647
40, 10.0, 1, 20, 15, 32, 0.712058823529
40, 0.5, 1, 3, 15, 32, 0.405
40, 4.0, 1, 10, 15, 32, 0.383235294118
40, 4.0, 1, 6, 15, 32, 0.397647058824
40, 9.0, 1, 17, 15, 32, 0.636470588235
40, 3.5, 1, 12, 15, 32, 0.395294117647
40, 3.0, 1, 3, 15, 32, 0.412647058824
40, 9.0, 1, 20, 15, 32, 0.604411764706
40, 3.0, 1, 13, 15, 32, 0.383529411765
40, 3.0, 1, 18, 15, 32, 0.391470588235
40, 7.5, 1, 19, 15, 32, 0.483823529412
40, 2.0, 1, 12, 15, 32, 0.382352941176
40, 1.0, 1, 5, 15, 32, 0.443823529412
40, 1.0, 1, 9, 15, 32, 0.426764705882
40, 0.5, 1, 19, 15, 32, 0.391470588235
40, 6.5, 1, 9, 15, 32, 0.424411764706
40, 6.0, 1, 2, 15, 32, 0.436764705882
40, 0.5, 1, 16, 15, 32, 0.381470588235
40, 5.5, 1, 9, 15, 32, 0.381470588235
40, 9.5, 1, 14, 15, 32, 0.676764705882
40, 0.5, 1, 6, 15, 32, 0.411470588235
40, 5.5, 1, 13, 15, 32, 0.387058823529
40, 9.5, 1, 13, 15, 32, 0.686764705882
40, 3.0, 1, 10, 15, 32, 0.397647058824
40, 3.0, 1, 1, 15, 32, 0.409117647059
40, 2.0, 1, 11, 15, 32, 0.419117647059
40, 8.0, 1, 14, 15, 32, 0.463529411765
40, 1.0, 1, 10, 15, 32, 0.445294117647
40, 7.5, 1, 5, 15, 32, 0.460588235294
40, 8.0, 1, 4, 15, 32, 0.5
40, 7.0, 1, 19, 15, 32, 0.439705882353
40, 7.0, 1, 18, 15, 32, 0.451764705882
40, 7.0, 1, 15, 15, 32, 0.457352941176
40, 7.5, 1, 20, 15, 32, 0.498529411765
40, 7.0, 1, 16, 15, 32, 0.421470588235
40, 2.5, 1, 2, 15, 32, 0.424117647059
40, 5.5, 1, 5, 15, 32, 0.378235294118
40, 0.0, 1, 7, 15, 32, 0.426176470588
40, 0.0, 1, 1, 15, 32, 0.397941176471
40, 5.0, 1, 14, 15, 32, 0.396764705882
40, 4.5, 1, 6, 15, 32, 0.406764705882
40, 5.0, 1, 9, 15, 32, 0.358235294118
40, 7.5, 1, 9, 15, 32, 0.426764705882
40, 4.5, 1, 11, 15, 32, 0.383235294118
40, 4.0, 1, 15, 15, 32, 0.372058823529
40, 3.5, 1, 20, 15, 32, 0.395882352941
40, 0.0, 1, 18, 15, 32, 0.396470588235
40, 2.5, 1, 17, 15, 32, 0.382647058824
40, 6.0, 1, 12, 15, 32, 0.391764705882
40, 3.0, 1, 14, 15, 32, 0.379117647059
40, 8.0, 1, 9, 15, 32, 0.529411764706
40, 8.0, 1, 18, 15, 32, 0.499411764706
40, 0.0, 1, 4, 15, 32, 0.393235294118
40, 7.0, 1, 10, 15, 32, 0.433235294118
40, 7.0, 1, 6, 15, 32, 0.42
40, 1.0, 1, 1, 15, 32, 0.407058823529
40, 7.0, 1, 17, 15, 32, 0.440588235294
40, 9.5, 1, 3, 15, 32, 0.614411764706
40, 6.0, 1, 11, 15, 32, 0.388823529412
40, 6.0, 1, 7, 15, 32, 0.388529411765
40, 5.0, 1, 3, 15, 32, 0.423823529412
40, 0.5, 1, 17, 15, 32, 0.408529411765
40, 0.0, 1, 11, 15, 32, 0.392352941176
40, 5.0, 1, 10, 15, 32, 0.387941176471
40, 5.0, 1, 6, 15, 32, 0.395588235294
40, 2.5, 1, 6, 15, 32, 0.388823529412
40, 1.5, 1, 3, 15, 32, 0.406764705882
40, 0.0, 1, 10, 15, 32, 0.429411764706
40, 2.5, 1, 18, 15, 32, 0.370882352941
40, 0.5, 1, 4, 15, 32, 0.412941176471
40, 9.5, 1, 4, 15, 32, 0.632352941176
40, 3.5, 1, 5, 15, 32, 0.400882352941
40, 3.5, 1, 17, 15, 32, 0.375294117647
40, 9.0, 1, 10, 15, 32, 0.630294117647
40, 0.0, 1, 19, 15, 32, 0.402352941176
40, 8.0, 1, 6, 15, 32, 0.506176470588
40, 3.5, 1, 1, 15, 32, 0.415
40, 8.0, 1, 11, 15, 32, 0.505588235294
40, 0.0, 1, 12, 15, 32, 0.411176470588
40, 7.0, 1, 7, 15, 32, 0.401176470588
40, 7.0, 1, 2, 15, 32, 0.422058823529
40, 6.5, 1, 18, 15, 32, 0.405
40, 6.0, 1, 6, 15, 32, 0.414705882353
40, 0.0, 1, 5, 15, 32, 0.440294117647
40, 6.0, 1, 18, 15, 32, 0.385
40, 4.5, 1, 9, 15, 32, 0.364411764706
40, 5.5, 1, 12, 15, 32, 0.378235294118
40, 5.0, 1, 7, 15, 32, 0.400294117647
40, 6.5, 1, 16, 15, 32, 0.403235294118
40, 4.0, 1, 20, 15, 32, 0.367941176471
40, 6.5, 1, 1, 15, 32, 0.425882352941
40, 9.5, 1, 19, 15, 32, 0.702058823529
40, 9.5, 1, 20, 15, 32, 0.720588235294
40, 9.5, 1, 6, 15, 32, 0.672941176471
