L, w_bar, strength, sigma_sq, anyons, N, p_failure 
40, 10.0, 1, 4, 15, 32, gauss, 0.33
40, 6.5, 1, 12, 15, 32, gauss, 0.24
40, 6.5, 1, 19, 15, 32, gauss, 0.22
40, 0.5, 1, 9, 15, 32, gauss, 0.21
40, 9.5, 1, 7, 15, 32, gauss, 0.23
40, 3.5, 1, 7, 15, 32, gauss, 0.21
40, 5.0, 1, 1, 15, 32, gauss, 0.25
40, 2.5, 1, 19, 15, 32, gauss, 0.22
40, 8.0, 1, 11, 15, 32, gauss, 0.26
40, 4.0, 1, 11, 15, 32, gauss, 0.19
40, 5.0, 1, 4, 15, 32, gauss, 0.25
40, 0.0, 1, 1, 15, 32, gauss, 0.21
40, 1.5, 1, 7, 15, 32, gauss, 0.23
40, 1.0, 1, 12, 15, 32, gauss, 0.22
40, 5.0, 1, 2, 15, 32, gauss, 0.21
40, 4.5, 1, 12, 15, 32, gauss, 0.2
40, 5.0, 1, 10, 15, 32, gauss, 0.2
40, 4.5, 1, 8, 15, 32, gauss, 0.22
40, 10.0, 1, 3, 15, 32, gauss, 0.3
40, 8.5, 1, 17, 15, 32, gauss, 0.24
40, 4.5, 1, 20, 15, 32, gauss, 0.23
40, 0.0, 1, 6, 15, 32, gauss, 0.18
40, 1.5, 1, 8, 15, 32, gauss, 0.23
40, 9.0, 1, 4, 15, 32, gauss, 0.3
40, 4.0, 1, 8, 15, 32, gauss, 0.23
40, 5.0, 1, 13, 15, 32, gauss, 0.23
40, 4.5, 1, 17, 15, 32, gauss, 0.2
40, 2.5, 1, 8, 15, 32, gauss, 0.25
40, 5.5, 1, 19, 15, 32, gauss, 0.17
40, 8.0, 1, 20, 15, 32, gauss, 0.2
40, 0.0, 1, 13, 15, 32, gauss, 0.27
40, 0.0, 1, 15, 15, 32, gauss, 0.2
40, 4.0, 1, 7, 15, 32, gauss, 0.2
40, 10.0, 1, 20, 15, 32, gauss, 0.36
40, 5.0, 1, 20, 15, 32, gauss, 0.24
40, 4.5, 1, 15, 15, 32, gauss, 0.19
40, 8.0, 1, 6, 15, 32, gauss, 0.23
40, 8.5, 1, 16, 15, 32, gauss, 0.23
40, 4.5, 1, 16, 15, 32, gauss, 0.21
40, 10.0, 1, 16, 15, 32, gauss, 0.37
40, 1.5, 1, 5, 15, 32, gauss, 0.21
40, 7.5, 1, 18, 15, 32, gauss, 0.38
40, 7.5, 1, 19, 15, 32, gauss, 0.2
40, 9.0, 1, 7, 15, 32, gauss, 0.29
40, 7.0, 1, 11, 15, 32, gauss, 0.27
40, 10.0, 1, 14, 15, 32, gauss, 0.29
40, 1.5, 1, 11, 15, 32, gauss, 0.21
40, 3.5, 1, 9, 15, 32, gauss, 0.22
40, 0.5, 1, 17, 15, 32, gauss, 0.25
40, 6.5, 1, 8, 15, 32, gauss, 0.25
40, 0.5, 1, 10, 15, 32, gauss, 0.2
40, 9.0, 1, 9, 15, 32, gauss, 0.39
40, 1.5, 1, 13, 15, 32, gauss, 0.27
40, 4.0, 1, 10, 15, 32, gauss, 0.25
40, 2.0, 1, 19, 15, 32, gauss, 0.21
40, 8.5, 1, 15, 15, 32, gauss, 0.32
40, 1.0, 1, 13, 15, 32, gauss, 0.2
40, 2.0, 1, 9, 15, 32, gauss, 0.19
40, 4.0, 1, 20, 15, 32, gauss, 0.22
40, 5.0, 1, 17, 15, 32, gauss, 0.19
40, 3.0, 1, 4, 15, 32, gauss, 0.17
40, 1.5, 1, 14, 15, 32, gauss, 0.16
40, 5.0, 1, 18, 15, 32, gauss, 0.09
40, 9.0, 1, 13, 15, 32, gauss, 0.29
40, 5.0, 1, 7, 15, 32, gauss, 0.17
40, 9.0, 1, 5, 15, 32, gauss, 0.35
40, 6.5, 1, 9, 15, 32, gauss, 0.24
40, 5.0, 1, 14, 15, 32, gauss, 0.13
40, 6.0, 1, 3, 15, 32, gauss, 0.1
40, 2.0, 1, 3, 15, 32, gauss, 0.23
40, 3.0, 1, 13, 15, 32, gauss, 0.22
40, 8.0, 1, 9, 15, 32, gauss, 0.32
40, 1.5, 1, 20, 15, 32, gauss, 0.16
40, 1.5, 1, 1, 15, 32, gauss, 0.14
40, 8.0, 1, 4, 15, 32, gauss, 0.25
40, 9.0, 1, 18, 15, 32, gauss, 0.26
40, 7.0, 1, 3, 15, 32, gauss, 0.2
40, 9.5, 1, 10, 15, 32, gauss, 0.28
40, 2.5, 1, 1, 15, 32, gauss, 0.08
40, 8.5, 1, 4, 15, 32, gauss, 0.27
40, 4.0, 1, 19, 15, 32, gauss, 0.13
40, 4.5, 1, 4, 15, 32, gauss, 0.15
40, 2.0, 1, 15, 15, 32, gauss, 0.15
40, 5.5, 1, 10, 15, 32, gauss, 0.25
40, 9.5, 1, 12, 15, 32, gauss, 0.41
40, 8.0, 1, 18, 15, 32, gauss, 0.23
40, 7.0, 1, 2, 15, 32, gauss, 0.19
40, 9.0, 1, 1, 15, 32, gauss, 0.27
40, 6.5, 1, 3, 15, 32, gauss, 0.19
40, 3.0, 1, 9, 15, 32, gauss, 0.3
40, 5.0, 1, 15, 15, 32, gauss, 0.17
40, 5.5, 1, 3, 15, 32, gauss, 0.16
40, 1.0, 1, 4, 15, 32, gauss, 0.27
40, 10.0, 1, 11, 15, 32, gauss, 0.3
40, 2.5, 1, 11, 15, 32, gauss, 0.2
40, 8.0, 1, 7, 15, 32, gauss, 0.23
40, 3.5, 1, 1, 15, 32, gauss, 0.13
40, 4.5, 1, 9, 15, 32, gauss, 0.17
40, 10.0, 1, 17, 15, 32, gauss, 0.3
40, 7.5, 1, 12, 15, 32, gauss, 0.23
40, 0.5, 1, 13, 15, 32, gauss, 0.19
40, 6.5, 1, 11, 15, 32, gauss, 0.22
40, 7.0, 1, 10, 15, 32, gauss, 0.27
40, 3.0, 1, 10, 15, 32, gauss, 0.25
40, 2.0, 1, 6, 15, 32, gauss, 0.23
40, 7.0, 1, 4, 15, 32, gauss, 0.21
40, 6.5, 1, 6, 15, 32, gauss, 0.21
40, 3.5, 1, 16, 15, 32, gauss, 0.17
40, 1.0, 1, 20, 15, 32, gauss, 0.18
40, 3.0, 1, 17, 15, 32, gauss, 0.21
40, 1.0, 1, 1, 15, 32, gauss, 0.11
40, 6.0, 1, 10, 15, 32, gauss, 0.23
40, 7.0, 1, 19, 15, 32, gauss, 0.22
40, 6.5, 1, 18, 15, 32, gauss, 0.2
40, 6.0, 1, 16, 15, 32, gauss, 0.27
40, 9.5, 1, 15, 15, 32, gauss, 0.39
40, 2.0, 1, 16, 15, 32, gauss, 0.15
40, 6.5, 1, 1, 15, 32, gauss, 0.25
40, 7.5, 1, 16, 15, 32, gauss, 0.22
40, 2.0, 1, 11, 15, 32, gauss, 0.2
40, 6.0, 1, 19, 15, 32, gauss, 0.23
40, 10.0, 1, 7, 15, 32, gauss, 0.35
40, 7.5, 1, 11, 15, 32, gauss, 0.27
40, 0.0, 1, 17, 15, 32, gauss, 0.16
40, 4.5, 1, 2, 15, 32, gauss, 0.27
40, 5.5, 1, 16, 15, 32, gauss, 0.22
40, 5.5, 1, 8, 15, 32, gauss, 0.13
40, 2.5, 1, 5, 15, 32, gauss, 0.16
40, 8.0, 1, 1, 15, 32, gauss, 0.31
40, 2.5, 1, 20, 15, 32, gauss, 0.2
40, 6.0, 1, 8, 15, 32, gauss, 0.22
40, 0.0, 1, 19, 15, 32, gauss, 0.27
40, 6.0, 1, 5, 15, 32, gauss, 0.24
40, 4.0, 1, 15, 15, 32, gauss, 0.23
40, 1.5, 1, 17, 15, 32, gauss, 0.13
40, 0.0, 1, 8, 15, 32, gauss, 0.21
40, 1.0, 1, 8, 15, 32, gauss, 0.22
40, 9.5, 1, 8, 15, 32, gauss, 0.31
40, 5.0, 1, 6, 15, 32, gauss, 0.14
40, 1.0, 1, 14, 15, 32, gauss, 0.21
40, 1.5, 1, 18, 15, 32, gauss, 0.19
40, 3.0, 1, 20, 15, 32, gauss, 0.17
40, 7.0, 1, 1, 15, 32, gauss, 0.23
40, 4.5, 1, 3, 15, 32, gauss, 0.25
40, 8.5, 1, 10, 15, 32, gauss, 0.17
40, 1.5, 1, 6, 15, 32, gauss, 0.15
40, 7.0, 1, 20, 15, 32, gauss, 0.22
40, 10.0, 1, 5, 15, 32, gauss, 0.28
40, 1.5, 1, 3, 15, 32, gauss, 0.22
40, 2.5, 1, 4, 15, 32, gauss, 0.16
40, 1.0, 1, 9, 15, 32, gauss, 0.26
40, 9.5, 1, 6, 15, 32, gauss, 0.31
40, 4.0, 1, 16, 15, 32, gauss, 0.16
40, 8.0, 1, 5, 15, 32, gauss, 0.3
40, 0.0, 1, 16, 15, 32, gauss, 0.22
40, 3.0, 1, 11, 15, 32, gauss, 0.22
40, 5.5, 1, 11, 15, 32, gauss, 0.18
40, 0.0, 1, 2, 15, 32, gauss, 0.23
40, 6.5, 1, 14, 15, 32, gauss, 0.17
40, 0.0, 1, 9, 15, 32, gauss, 0.18
40, 8.5, 1, 2, 15, 32, gauss, 0.23
40, 3.5, 1, 12, 15, 32, gauss, 0.15
40, 4.0, 1, 2, 15, 32, gauss, 0.24
40, 10.0, 1, 6, 15, 32, gauss, 0.39
40, 8.5, 1, 19, 15, 32, gauss, 0.23
40, 1.5, 1, 15, 15, 32, gauss, 0.21
40, 9.5, 1, 17, 15, 32, gauss, 0.29
40, 0.5, 1, 12, 15, 32, gauss, 0.18
40, 8.0, 1, 19, 15, 32, gauss, 0.18
40, 9.0, 1, 10, 15, 32, gauss, 0.26
40, 10.0, 1, 8, 15, 32, gauss, 0.35
40, 5.5, 1, 13, 15, 32, gauss, 0.15
40, 7.0, 1, 7, 15, 32, gauss, 0.17
40, 6.5, 1, 20, 15, 32, gauss, 0.23
40, 4.0, 1, 14, 15, 32, gauss, 0.16
40, 10.0, 1, 19, 15, 32, gauss, 0.35
40, 5.5, 1, 6, 15, 32, gauss, 0.18
40, 7.5, 1, 1, 15, 32, gauss, 0.15
40, 8.0, 1, 8, 15, 32, gauss, 0.28
40, 1.5, 1, 9, 15, 32, gauss, 0.26
40, 9.0, 1, 6, 15, 32, gauss, 0.3
40, 0.5, 1, 5, 15, 32, gauss, 0.15
40, 5.0, 1, 3, 15, 32, gauss, 0.21
40, 0.5, 1, 2, 15, 32, gauss, 0.16
40, 1.0, 1, 3, 15, 32, gauss, 0.26
40, 4.0, 1, 9, 15, 32, gauss, 0.18
40, 0.5, 1, 3, 15, 32, gauss, 0.23
40, 3.5, 1, 13, 15, 32, gauss, 0.24
40, 9.5, 1, 1, 15, 32, gauss, 0.2
40, 2.0, 1, 7, 15, 32, gauss, 0.2
40, 2.5, 1, 16, 15, 32, gauss, 0.21
40, 2.0, 1, 18, 15, 32, gauss, 0.09
40, 6.5, 1, 13, 15, 32, gauss, 0.19
40, 8.0, 1, 2, 15, 32, gauss, 0.21
40, 9.5, 1, 16, 15, 32, gauss, 0.29
40, 9.0, 1, 20, 15, 32, gauss, 0.28
40, 5.0, 1, 19, 15, 32, gauss, 0.16
40, 3.0, 1, 7, 15, 32, gauss, 0.27
40, 7.0, 1, 18, 15, 32, gauss, 0.18
40, 6.0, 1, 9, 15, 32, gauss, 0.23
40, 8.0, 1, 12, 15, 32, gauss, 0.35
40, 8.5, 1, 12, 15, 32, gauss, 0.28
40, 3.0, 1, 2, 15, 32, gauss, 0.21
40, 8.5, 1, 13, 15, 32, gauss, 0.32
40, 9.0, 1, 15, 15, 32, gauss, 0.28
40, 8.5, 1, 7, 15, 32, gauss, 0.24
40, 8.0, 1, 3, 15, 32, gauss, 0.24
40, 2.5, 1, 7, 15, 32, gauss, 0.19
40, 3.5, 1, 6, 15, 32, gauss, 0.26
40, 8.5, 1, 11, 15, 32, gauss, 0.32
40, 0.5, 1, 1, 15, 32, gauss, 0.26
40, 2.0, 1, 10, 15, 32, gauss, 0.13
40, 2.0, 1, 5, 15, 32, gauss, 0.17
40, 3.0, 1, 18, 15, 32, gauss, 0.19
40, 3.5, 1, 8, 15, 32, gauss, 0.19
40, 7.5, 1, 8, 15, 32, gauss, 0.26
40, 0.5, 1, 16, 15, 32, gauss, 0.22
40, 6.0, 1, 4, 15, 32, gauss, 0.29
40, 2.0, 1, 17, 15, 32, gauss, 0.22
40, 9.0, 1, 2, 15, 32, gauss, 0.21
40, 8.0, 1, 14, 15, 32, gauss, 0.21
40, 8.5, 1, 8, 15, 32, gauss, 0.32
40, 5.0, 1, 9, 15, 32, gauss, 0.16
40, 7.5, 1, 15, 15, 32, gauss, 0.21
40, 6.0, 1, 13, 15, 32, gauss, 0.24
40, 8.0, 1, 16, 15, 32, gauss, 0.18
40, 0.0, 1, 12, 15, 32, gauss, 0.19
40, 10.0, 1, 13, 15, 32, gauss, 0.31
40, 3.0, 1, 19, 15, 32, gauss, 0.24
40, 3.0, 1, 14, 15, 32, gauss, 0.19
40, 2.5, 1, 15, 15, 32, gauss, 0.22
40, 2.0, 1, 2, 15, 32, gauss, 0.26
40, 7.0, 1, 8, 15, 32, gauss, 0.16
40, 8.5, 1, 9, 15, 32, gauss, 0.29
40, 7.5, 1, 5, 15, 32, gauss, 0.19
40, 6.5, 1, 2, 15, 32, gauss, 0.23
40, 1.0, 1, 5, 15, 32, gauss, 0.3
40, 7.5, 1, 6, 15, 32, gauss, 0.25
40, 6.5, 1, 4, 15, 32, gauss, 0.21
40, 3.5, 1, 11, 15, 32, gauss, 0.17
40, 7.0, 1, 15, 15, 32, gauss, 0.19
40, 5.5, 1, 7, 15, 32, gauss, 0.16
40, 10.0, 1, 10, 15, 32, gauss, 0.38
40, 7.0, 1, 9, 15, 32, gauss, 0.19
40, 1.0, 1, 6, 15, 32, gauss, 0.2
40, 2.0, 1, 20, 15, 32, gauss, 0.23
40, 0.5, 1, 14, 15, 32, gauss, 0.29
40, 8.5, 1, 18, 15, 32, gauss, 0.31
40, 9.5, 1, 4, 15, 32, gauss, 0.33
40, 2.5, 1, 14, 15, 32, gauss, 0.17
40, 3.0, 1, 8, 15, 32, gauss, 0.26
40, 4.0, 1, 5, 15, 32, gauss, 0.16
40, 5.5, 1, 18, 15, 32, gauss, 0.23
40, 6.0, 1, 11, 15, 32, gauss, 0.18
40, 9.5, 1, 19, 15, 32, gauss, 0.36
40, 7.5, 1, 4, 15, 32, gauss, 0.29
40, 1.0, 1, 16, 15, 32, gauss, 0.25
40, 3.5, 1, 10, 15, 32, gauss, 0.23
40, 10.0, 1, 2, 15, 32, gauss, 0.31
40, 6.0, 1, 12, 15, 32, gauss, 0.2
40, 7.0, 1, 17, 15, 32, gauss, 0.2
40, 4.0, 1, 17, 15, 32, gauss, 0.22
40, 2.0, 1, 1, 15, 32, gauss, 0.17
40, 5.5, 1, 17, 15, 32, gauss, 0.22
40, 3.0, 1, 15, 15, 32, gauss, 0.14
40, 10.0, 1, 18, 15, 32, gauss, 0.43
40, 6.0, 1, 18, 15, 32, gauss, 0.21
40, 1.0, 1, 17, 15, 32, gauss, 0.25
40, 1.5, 1, 10, 15, 32, gauss, 0.17
40, 0.5, 1, 20, 15, 32, gauss, 0.21
40, 1.0, 1, 2, 15, 32, gauss, 0.24
40, 7.0, 1, 16, 15, 32, gauss, 0.3
40, 5.5, 1, 15, 15, 32, gauss, 0.17
40, 3.5, 1, 2, 15, 32, gauss, 0.27
40, 7.0, 1, 5, 15, 32, gauss, 0.25
40, 10.0, 1, 9, 15, 32, gauss, 0.39
40, 0.5, 1, 18, 15, 32, gauss, 0.15
40, 6.5, 1, 17, 15, 32, gauss, 0.18
40, 0.5, 1, 4, 15, 32, gauss, 0.21
40, 4.5, 1, 10, 15, 32, gauss, 0.2
40, 7.5, 1, 14, 15, 32, gauss, 0.25
40, 1.5, 1, 2, 15, 32, gauss, 0.17
40, 3.5, 1, 4, 15, 32, gauss, 0.18
40, 4.0, 1, 1, 15, 32, gauss, 0.24
40, 5.0, 1, 11, 15, 32, gauss, 0.17
40, 1.0, 1, 11, 15, 32, gauss, 0.22
40, 3.5, 1, 19, 15, 32, gauss, 0.1
40, 4.5, 1, 18, 15, 32, gauss, 0.18
40, 0.0, 1, 18, 15, 32, gauss, 0.14
40, 5.5, 1, 2, 15, 32, gauss, 0.14
40, 4.5, 1, 14, 15, 32, gauss, 0.18
40, 5.0, 1, 5, 15, 32, gauss, 0.23
40, 1.0, 1, 10, 15, 32, gauss, 0.2
40, 8.0, 1, 15, 15, 32, gauss, 0.25
40, 9.0, 1, 14, 15, 32, gauss, 0.28
40, 9.5, 1, 3, 15, 32, gauss, 0.36
40, 4.0, 1, 13, 15, 32, gauss, 0.21
40, 5.0, 1, 8, 15, 32, gauss, 0.18
40, 7.5, 1, 20, 15, 32, gauss, 0.26
40, 10.0, 1, 12, 15, 32, gauss, 0.31
40, 4.5, 1, 13, 15, 32, gauss, 0.18
40, 6.5, 1, 16, 15, 32, gauss, 0.2
40, 2.5, 1, 2, 15, 32, gauss, 0.25
40, 3.5, 1, 18, 15, 32, gauss, 0.19
40, 0.0, 1, 7, 15, 32, gauss, 0.18
40, 10.0, 1, 15, 15, 32, gauss, 0.4
40, 1.0, 1, 19, 15, 32, gauss, 0.26
40, 4.5, 1, 11, 15, 32, gauss, 0.22
40, 4.0, 1, 12, 15, 32, gauss, 0.18
40, 9.5, 1, 9, 15, 32, gauss, 0.38
40, 5.5, 1, 1, 15, 32, gauss, 0.21
40, 6.5, 1, 7, 15, 32, gauss, 0.15
40, 5.5, 1, 9, 15, 32, gauss, 0.21
40, 1.0, 1, 7, 15, 32, gauss, 0.11
40, 3.0, 1, 6, 15, 32, gauss, 0.16
40, 1.0, 1, 18, 15, 32, gauss, 0.19
40, 9.0, 1, 19, 15, 32, gauss, 0.34
40, 3.5, 1, 5, 15, 32, gauss, 0.21
40, 2.5, 1, 6, 15, 32, gauss, 0.18
40, 9.0, 1, 3, 15, 32, gauss, 0.3
40, 2.5, 1, 12, 15, 32, gauss, 0.19
40, 9.5, 1, 18, 15, 32, gauss, 0.34
40, 5.0, 1, 12, 15, 32, gauss, 0.18
40, 4.0, 1, 4, 15, 32, gauss, 0.29
40, 9.5, 1, 5, 15, 32, gauss, 0.31
40, 9.0, 1, 12, 15, 32, gauss, 0.35
40, 1.5, 1, 12, 15, 32, gauss, 0.22
40, 4.0, 1, 6, 15, 32, gauss, 0.19
40, 0.5, 1, 7, 15, 32, gauss, 0.13
40, 5.5, 1, 5, 15, 32, gauss, 0.28
40, 3.0, 1, 3, 15, 32, gauss, 0.24
40, 4.0, 1, 3, 15, 32, gauss, 0.19
40, 2.0, 1, 13, 15, 32, gauss, 0.17
40, 9.5, 1, 2, 15, 32, gauss, 0.31
40, 7.0, 1, 12, 15, 32, gauss, 0.23
40, 4.5, 1, 6, 15, 32, gauss, 0.19
40, 9.5, 1, 20, 15, 32, gauss, 0.32
40, 9.0, 1, 11, 15, 32, gauss, 0.21
40, 4.0, 1, 18, 15, 32, gauss, 0.23
40, 4.5, 1, 5, 15, 32, gauss, 0.26
40, 0.5, 1, 8, 15, 32, gauss, 0.19
40, 9.0, 1, 17, 15, 32, gauss, 0.36
40, 2.5, 1, 17, 15, 32, gauss, 0.2
40, 7.5, 1, 13, 15, 32, gauss, 0.27
40, 8.0, 1, 17, 15, 32, gauss, 0.2
40, 9.5, 1, 11, 15, 32, gauss, 0.27
40, 8.5, 1, 20, 15, 32, gauss, 0.22
40, 8.5, 1, 14, 15, 32, gauss, 0.3
40, 2.0, 1, 14, 15, 32, gauss, 0.2
40, 3.5, 1, 20, 15, 32, gauss, 0.19
40, 6.0, 1, 7, 15, 32, gauss, 0.2
40, 0.0, 1, 5, 15, 32, gauss, 0.24
40, 0.5, 1, 15, 15, 32, gauss, 0.2
40, 5.5, 1, 14, 15, 32, gauss, 0.21
40, 0.5, 1, 6, 15, 32, gauss, 0.16
40, 8.0, 1, 10, 15, 32, gauss, 0.3
40, 5.5, 1, 4, 15, 32, gauss, 0.21
40, 3.5, 1, 17, 15, 32, gauss, 0.17
40, 10.0, 1, 1, 15, 32, gauss, 0.38
40, 0.5, 1, 11, 15, 32, gauss, 0.21
40, 4.5, 1, 1, 15, 32, gauss, 0.32
40, 0.0, 1, 11, 15, 32, gauss, 0.2
40, 6.0, 1, 17, 15, 32, gauss, 0.16
40, 7.5, 1, 10, 15, 32, gauss, 0.19
40, 3.5, 1, 3, 15, 32, gauss, 0.25
40, 6.5, 1, 5, 15, 32, gauss, 0.3
40, 7.5, 1, 7, 15, 32, gauss, 0.23
40, 9.5, 1, 14, 15, 32, gauss, 0.32
40, 3.0, 1, 12, 15, 32, gauss, 0.17
40, 5.5, 1, 20, 15, 32, gauss, 0.24
40, 2.0, 1, 4, 15, 32, gauss, 0.17
40, 2.0, 1, 12, 15, 32, gauss, 0.19
40, 8.0, 1, 13, 15, 32, gauss, 0.21
40, 0.0, 1, 14, 15, 32, gauss, 0.27
40, 9.0, 1, 8, 15, 32, gauss, 0.29
40, 8.5, 1, 3, 15, 32, gauss, 0.27
40, 7.5, 1, 17, 15, 32, gauss, 0.22
40, 0.0, 1, 4, 15, 32, gauss, 0.28
40, 5.5, 1, 12, 15, 32, gauss, 0.21
40, 2.5, 1, 3, 15, 32, gauss, 0.2
40, 7.0, 1, 13, 15, 32, gauss, 0.26
40, 1.5, 1, 4, 15, 32, gauss, 0.25
40, 3.0, 1, 5, 15, 32, gauss, 0.24
40, 6.5, 1, 15, 15, 32, gauss, 0.15
40, 3.0, 1, 16, 15, 32, gauss, 0.13
40, 0.0, 1, 10, 15, 32, gauss, 0.2
40, 4.5, 1, 7, 15, 32, gauss, 0.24
40, 7.5, 1, 3, 15, 32, gauss, 0.23
40, 8.5, 1, 1, 15, 32, gauss, 0.31
40, 7.5, 1, 9, 15, 32, gauss, 0.24
40, 7.0, 1, 6, 15, 32, gauss, 0.23
40, 7.0, 1, 14, 15, 32, gauss, 0.26
40, 6.0, 1, 2, 15, 32, gauss, 0.17
40, 2.5, 1, 9, 15, 32, gauss, 0.24
40, 4.5, 1, 19, 15, 32, gauss, 0.28
40, 3.5, 1, 14, 15, 32, gauss, 0.17
40, 2.0, 1, 8, 15, 32, gauss, 0.18
40, 2.5, 1, 10, 15, 32, gauss, 0.16
40, 0.5, 1, 19, 15, 32, gauss, 0.21
40, 5.0, 1, 16, 15, 32, gauss, 0.1
40, 6.0, 1, 14, 15, 32, gauss, 0.16
40, 6.5, 1, 10, 15, 32, gauss, 0.15
40, 1.5, 1, 16, 15, 32, gauss, 0.16
40, 2.5, 1, 13, 15, 32, gauss, 0.16
40, 8.5, 1, 5, 15, 32, gauss, 0.24
40, 9.5, 1, 13, 15, 32, gauss, 0.35
40, 6.0, 1, 1, 15, 32, gauss, 0.18
40, 6.0, 1, 20, 15, 32, gauss, 0.16
40, 0.0, 1, 3, 15, 32, gauss, 0.16
40, 3.0, 1, 1, 15, 32, gauss, 0.23
40, 2.5, 1, 18, 15, 32, gauss, 0.25
40, 0.0, 1, 20, 15, 32, gauss, 0.2
40, 6.0, 1, 15, 15, 32, gauss, 0.16
40, 8.5, 1, 6, 15, 32, gauss, 0.23
40, 9.0, 1, 16, 15, 32, gauss, 0.26
40, 7.5, 1, 2, 15, 32, gauss, 0.14
40, 3.5, 1, 15, 15, 32, gauss, 0.21
40, 1.0, 1, 15, 15, 32, gauss, 0.19
40, 1.5, 1, 19, 15, 32, gauss, 0.24
40, 6.0, 1, 6, 15, 32, gauss, 0.16
