L, w_bar, strength, sigma_sq, anyons, N, p_failure 
40, 10.0, 1, 4, 15, 32, gauss, 0.35175
40, 5.5, 1, 12, 15, 32, gauss, 0.1943
40, 6.5, 1, 19, 15, 32, gauss, 0.19645
40, 8.5, 1, 7, 15, 32, gauss, 0.2818
40, 0.0, 1, 7, 15, 32, gauss, 0.2092
40, 5.0, 1, 1, 15, 32, gauss, 0.19895
40, 8.0, 1, 11, 15, 32, gauss, 0.2574
40, 4.0, 1, 11, 15, 32, gauss, 0.19025
40, 5.0, 1, 4, 15, 32, gauss, 0.2001
40, 1.5, 1, 1, 15, 32, gauss, 0.2018
40, 1.0, 1, 12, 15, 32, gauss, 0.19755
40, 5.0, 1, 2, 15, 32, gauss, 0.2043
40, 6.5, 1, 12, 15, 32, gauss, 0.19625
40, 5.0, 1, 10, 15, 32, gauss, 0.18545
40, 6.5, 1, 8, 15, 32, gauss, 0.2068
40, 10.0, 1, 3, 15, 32, gauss, 0.3318
40, 8.5, 1, 17, 15, 32, gauss, 0.30545
40, 6.5, 1, 11, 15, 32, gauss, 0.19895
40, 8.5, 1, 8, 15, 32, gauss, 0.27075
40, 9.0, 1, 4, 15, 32, gauss, 0.28715
40, 4.0, 1, 8, 15, 32, gauss, 0.19165
40, 5.0, 1, 13, 15, 32, gauss, 0.1963
40, 6.5, 1, 17, 15, 32, gauss, 0.2074
40, 2.5, 1, 8, 15, 32, gauss, 0.2004
40, 7.5, 1, 19, 15, 32, gauss, 0.242
40, 8.0, 1, 20, 15, 32, gauss, 0.2594
40, 0.0, 1, 13, 15, 32, gauss, 0.2041
40, 4.0, 1, 7, 15, 32, gauss, 0.1969
40, 10.0, 1, 20, 15, 32, gauss, 0.3652
40, 5.0, 1, 20, 15, 32, gauss, 0.18865
40, 1.5, 1, 15, 15, 32, gauss, 0.20115
40, 5.5, 1, 18, 15, 32, gauss, 0.19675
40, 8.0, 1, 6, 15, 32, gauss, 0.25035
40, 4.5, 1, 16, 15, 32, gauss, 0.18845
40, 10.0, 1, 16, 15, 32, gauss, 0.36035
40, 6.5, 1, 18, 15, 32, gauss, 0.19595
40, 9.0, 1, 7, 15, 32, gauss, 0.30205
40, 7.0, 1, 11, 15, 32, gauss, 0.2199
40, 10.0, 1, 14, 15, 32, gauss, 0.38015
40, 0.0, 1, 18, 15, 32, gauss, 0.19525
40, 0.0, 1, 14, 15, 32, gauss, 0.21695
40, 1.5, 1, 11, 15, 32, gauss, 0.1983
40, 3.5, 1, 9, 15, 32, gauss, 0.1948
40, 4.5, 1, 8, 15, 32, gauss, 0.18795
40, 4.5, 1, 10, 15, 32, gauss, 0.18885
40, 9.0, 1, 9, 15, 32, gauss, 0.3007
40, 1.5, 1, 13, 15, 32, gauss, 0.2085
40, 4.0, 1, 10, 15, 32, gauss, 0.1894
40, 2.0, 1, 19, 15, 32, gauss, 0.189
40, 0.0, 1, 15, 15, 32, gauss, 0.21385
40, 1.0, 1, 13, 15, 32, gauss, 0.19065
40, 2.0, 1, 9, 15, 32, gauss, 0.19915
40, 4.0, 1, 20, 15, 32, gauss, 0.17655
40, 5.0, 1, 17, 15, 32, gauss, 0.1926
40, 3.0, 1, 4, 15, 32, gauss, 0.2152
40, 1.5, 1, 20, 15, 32, gauss, 0.1975
40, 1.5, 1, 14, 15, 32, gauss, 0.2067
40, 5.0, 1, 18, 15, 32, gauss, 0.19175
40, 9.0, 1, 13, 15, 32, gauss, 0.31495
40, 5.0, 1, 7, 15, 32, gauss, 0.1858
40, 9.0, 1, 5, 15, 32, gauss, 0.29355
40, 4.5, 1, 9, 15, 32, gauss, 0.18345
40, 5.0, 1, 14, 15, 32, gauss, 0.1934
40, 6.0, 1, 3, 15, 32, gauss, 0.2018
40, 2.0, 1, 3, 15, 32, gauss, 0.2124
40, 3.0, 1, 13, 15, 32, gauss, 0.1853
40, 8.0, 1, 9, 15, 32, gauss, 0.25925
40, 4.5, 1, 20, 15, 32, gauss, 0.18525
40, 0.0, 1, 1, 15, 32, gauss, 0.1963
40, 8.0, 1, 4, 15, 32, gauss, 0.2398
40, 9.0, 1, 18, 15, 32, gauss, 0.31855
40, 7.0, 1, 3, 15, 32, gauss, 0.20415
40, 3.5, 1, 10, 15, 32, gauss, 0.19645
40, 7.5, 1, 4, 15, 32, gauss, 0.2282
40, 4.5, 1, 4, 15, 32, gauss, 0.2154
40, 9.5, 1, 12, 15, 32, gauss, 0.33835
40, 2.0, 1, 15, 15, 32, gauss, 0.1936
40, 3.5, 1, 12, 15, 32, gauss, 0.19405
40, 8.0, 1, 18, 15, 32, gauss, 0.2519
40, 7.0, 1, 2, 15, 32, gauss, 0.21545
40, 9.0, 1, 1, 15, 32, gauss, 0.2678
40, 1.5, 1, 3, 15, 32, gauss, 0.20945
40, 4.5, 1, 3, 15, 32, gauss, 0.1986
40, 3.0, 1, 9, 15, 32, gauss, 0.2006
40, 5.0, 1, 15, 15, 32, gauss, 0.19125
40, 3.0, 1, 20, 15, 32, gauss, 0.18995
40, 1.0, 1, 4, 15, 32, gauss, 0.20425
40, 10.0, 1, 11, 15, 32, gauss, 0.3791
40, 0.5, 1, 11, 15, 32, gauss, 0.20745
40, 8.0, 1, 7, 15, 32, gauss, 0.24805
40, 2.5, 1, 1, 15, 32, gauss, 0.20815
40, 5.5, 1, 9, 15, 32, gauss, 0.1964
40, 10.0, 1, 17, 15, 32, gauss, 0.3587
40, 7.5, 1, 12, 15, 32, gauss, 0.23765
40, 9.5, 1, 13, 15, 32, gauss, 0.34975
40, 5.5, 1, 11, 15, 32, gauss, 0.19935
40, 7.0, 1, 10, 15, 32, gauss, 0.2189
40, 3.0, 1, 10, 15, 32, gauss, 0.20725
40, 4.5, 1, 7, 15, 32, gauss, 0.1937
40, 7.0, 1, 4, 15, 32, gauss, 0.20735
40, 6.5, 1, 6, 15, 32, gauss, 0.2088
40, 2.5, 1, 16, 15, 32, gauss, 0.18695
40, 1.0, 1, 20, 15, 32, gauss, 0.18715
40, 3.0, 1, 17, 15, 32, gauss, 0.194
40, 1.0, 1, 1, 15, 32, gauss, 0.2062
40, 6.0, 1, 10, 15, 32, gauss, 0.19635
40, 7.0, 1, 19, 15, 32, gauss, 0.2198
40, 4.5, 1, 18, 15, 32, gauss, 0.18885
40, 4.0, 1, 13, 15, 32, gauss, 0.179
40, 6.0, 1, 16, 15, 32, gauss, 0.19495
40, 9.5, 1, 15, 15, 32, gauss, 0.35255
40, 2.0, 1, 16, 15, 32, gauss, 0.19235
40, 6.5, 1, 1, 15, 32, gauss, 0.2182
40, 6.5, 1, 16, 15, 32, gauss, 0.1982
40, 2.0, 1, 11, 15, 32, gauss, 0.21025
40, 6.0, 1, 19, 15, 32, gauss, 0.19915
40, 0.0, 1, 2, 15, 32, gauss, 0.1974
40, 10.0, 1, 7, 15, 32, gauss, 0.35965
40, 7.0, 1, 12, 15, 32, gauss, 0.21705
40, 4.5, 1, 2, 15, 32, gauss, 0.20235
40, 7.5, 1, 16, 15, 32, gauss, 0.24565
40, 10.0, 1, 12, 15, 32, gauss, 0.3802
40, 5.5, 1, 8, 15, 32, gauss, 0.197
40, 2.5, 1, 5, 15, 32, gauss, 0.20585
40, 9.5, 1, 9, 15, 32, gauss, 0.31735
40, 8.0, 1, 1, 15, 32, gauss, 0.23895
40, 6.0, 1, 8, 15, 32, gauss, 0.1981
40, 2.5, 1, 19, 15, 32, gauss, 0.18835
40, 6.0, 1, 5, 15, 32, gauss, 0.19445
40, 4.0, 1, 15, 15, 32, gauss, 0.1841
40, 1.5, 1, 17, 15, 32, gauss, 0.1847
40, 0.0, 1, 8, 15, 32, gauss, 0.20515
40, 1.0, 1, 8, 15, 32, gauss, 0.20555
40, 0.5, 1, 8, 15, 32, gauss, 0.2117
40, 5.0, 1, 6, 15, 32, gauss, 0.1951
40, 1.0, 1, 14, 15, 32, gauss, 0.1946
40, 3.5, 1, 18, 15, 32, gauss, 0.17995
40, 7.0, 1, 1, 15, 32, gauss, 0.2111
40, 9.5, 1, 10, 15, 32, gauss, 0.32055
40, 1.5, 1, 6, 15, 32, gauss, 0.2061
40, 7.0, 1, 20, 15, 32, gauss, 0.2169
40, 8.5, 1, 10, 15, 32, gauss, 0.27575
40, 10.0, 1, 5, 15, 32, gauss, 0.35155
40, 8.5, 1, 3, 15, 32, gauss, 0.25945
40, 5.5, 1, 4, 15, 32, gauss, 0.20075
40, 1.0, 1, 9, 15, 32, gauss, 0.20965
40, 8.5, 1, 6, 15, 32, gauss, 0.2717
40, 4.0, 1, 16, 15, 32, gauss, 0.1884
40, 8.0, 1, 5, 15, 32, gauss, 0.25255
40, 0.0, 1, 16, 15, 32, gauss, 0.2058
40, 3.0, 1, 11, 15, 32, gauss, 0.1993
40, 8.5, 1, 11, 15, 32, gauss, 0.28345
40, 5.5, 1, 2, 15, 32, gauss, 0.20635
40, 4.5, 1, 14, 15, 32, gauss, 0.1876
40, 0.5, 1, 9, 15, 32, gauss, 0.19895
40, 5.5, 1, 6, 15, 32, gauss, 0.1954
40, 8.5, 1, 2, 15, 32, gauss, 0.25835
40, 2.5, 1, 12, 15, 32, gauss, 0.1973
40, 4.0, 1, 2, 15, 32, gauss, 0.2058
40, 10.0, 1, 6, 15, 32, gauss, 0.367
40, 8.0, 1, 19, 15, 32, gauss, 0.26325
40, 8.5, 1, 19, 15, 32, gauss, 0.27055
40, 3.5, 1, 4, 15, 32, gauss, 0.2156
40, 0.0, 1, 17, 15, 32, gauss, 0.19245
40, 0.5, 1, 12, 15, 32, gauss, 0.2114
40, 6.5, 1, 2, 15, 32, gauss, 0.2157
40, 9.0, 1, 10, 15, 32, gauss, 0.309
40, 9.5, 1, 7, 15, 32, gauss, 0.3272
40, 7.0, 1, 7, 15, 32, gauss, 0.1982
40, 6.5, 1, 20, 15, 32, gauss, 0.1977
40, 4.0, 1, 14, 15, 32, gauss, 0.18535
40, 10.0, 1, 19, 15, 32, gauss, 0.3734
40, 0.5, 1, 6, 15, 32, gauss, 0.20055
40, 7.5, 1, 1, 15, 32, gauss, 0.2358
40, 8.0, 1, 8, 15, 32, gauss, 0.2543
40, 1.5, 1, 9, 15, 32, gauss, 0.2129
40, 7.5, 1, 13, 15, 32, gauss, 0.23455
40, 9.0, 1, 6, 15, 32, gauss, 0.29625
40, 0.0, 1, 5, 15, 32, gauss, 0.20705
40, 10.0, 1, 8, 15, 32, gauss, 0.368
40, 5.0, 1, 3, 15, 32, gauss, 0.2017
40, 0.5, 1, 2, 15, 32, gauss, 0.19655
40, 1.0, 1, 3, 15, 32, gauss, 0.21
40, 4.0, 1, 9, 15, 32, gauss, 0.1904
40, 2.5, 1, 13, 15, 32, gauss, 0.1861
40, 8.5, 1, 1, 15, 32, gauss, 0.2402
40, 2.0, 1, 7, 15, 32, gauss, 0.20725
40, 3.5, 1, 16, 15, 32, gauss, 0.182
40, 2.0, 1, 18, 15, 32, gauss, 0.1976
40, 5.5, 1, 13, 15, 32, gauss, 0.19075
40, 8.0, 1, 2, 15, 32, gauss, 0.23925
40, 9.5, 1, 16, 15, 32, gauss, 0.3363
40, 9.0, 1, 20, 15, 32, gauss, 0.30585
40, 5.0, 1, 19, 15, 32, gauss, 0.1914
40, 3.0, 1, 7, 15, 32, gauss, 0.1956
40, 7.0, 1, 18, 15, 32, gauss, 0.22725
40, 2.0, 1, 6, 15, 32, gauss, 0.2107
40, 6.0, 1, 9, 15, 32, gauss, 0.1914
40, 8.0, 1, 12, 15, 32, gauss, 0.23935
40, 8.5, 1, 12, 15, 32, gauss, 0.28545
40, 3.0, 1, 2, 15, 32, gauss, 0.2055
40, 8.5, 1, 13, 15, 32, gauss, 0.2908
40, 9.0, 1, 15, 15, 32, gauss, 0.3102
40, 1.5, 1, 7, 15, 32, gauss, 0.2112
40, 8.0, 1, 3, 15, 32, gauss, 0.2363
40, 3.5, 1, 7, 15, 32, gauss, 0.2009
40, 3.5, 1, 6, 15, 32, gauss, 0.206
40, 0.0, 1, 3, 15, 32, gauss, 0.20555
40, 0.5, 1, 1, 15, 32, gauss, 0.20955
40, 2.0, 1, 10, 15, 32, gauss, 0.2034
40, 0.0, 1, 10, 15, 32, gauss, 0.2077
40, 9.5, 1, 1, 15, 32, gauss, 0.2776
40, 2.0, 1, 5, 15, 32, gauss, 0.2123
40, 3.0, 1, 18, 15, 32, gauss, 0.1925
40, 3.5, 1, 8, 15, 32, gauss, 0.1961
40, 7.5, 1, 8, 15, 32, gauss, 0.2254
40, 0.5, 1, 16, 15, 32, gauss, 0.1967
40, 6.0, 1, 4, 15, 32, gauss, 0.20125
40, 2.0, 1, 17, 15, 32, gauss, 0.19535
40, 9.0, 1, 2, 15, 32, gauss, 0.27085
40, 8.0, 1, 14, 15, 32, gauss, 0.2444
40, 7.5, 1, 17, 15, 32, gauss, 0.2459
40, 5.0, 1, 9, 15, 32, gauss, 0.18845
40, 6.5, 1, 15, 15, 32, gauss, 0.19935
40, 6.0, 1, 13, 15, 32, gauss, 0.19185
40, 8.0, 1, 16, 15, 32, gauss, 0.24595
40, 0.0, 1, 12, 15, 32, gauss, 0.19985
40, 10.0, 1, 13, 15, 32, gauss, 0.37615
40, 3.0, 1, 19, 15, 32, gauss, 0.18995
40, 3.0, 1, 14, 15, 32, gauss, 0.1904
40, 3.5, 1, 5, 15, 32, gauss, 0.20035
40, 2.5, 1, 15, 15, 32, gauss, 0.2013
40, 2.0, 1, 2, 15, 32, gauss, 0.2078
40, 7.0, 1, 8, 15, 32, gauss, 0.21655
40, 0.0, 1, 9, 15, 32, gauss, 0.2103
40, 6.5, 1, 5, 15, 32, gauss, 0.197
40, 1.0, 1, 5, 15, 32, gauss, 0.218
40, 7.5, 1, 6, 15, 32, gauss, 0.2318
40, 2.5, 1, 11, 15, 32, gauss, 0.188
40, 7.0, 1, 15, 15, 32, gauss, 0.217
40, 2.5, 1, 7, 15, 32, gauss, 0.20565
40, 1.5, 1, 16, 15, 32, gauss, 0.1881
40, 10.0, 1, 10, 15, 32, gauss, 0.3699
40, 7.0, 1, 9, 15, 32, gauss, 0.21705
40, 1.0, 1, 6, 15, 32, gauss, 0.2156
40, 2.0, 1, 20, 15, 32, gauss, 0.1764
40, 9.5, 1, 18, 15, 32, gauss, 0.35655
40, 9.5, 1, 4, 15, 32, gauss, 0.3204
40, 3.5, 1, 14, 15, 32, gauss, 0.1941
40, 3.0, 1, 8, 15, 32, gauss, 0.1998
40, 7.5, 1, 15, 15, 32, gauss, 0.24595
40, 4.0, 1, 5, 15, 32, gauss, 0.20185
40, 7.5, 1, 18, 15, 32, gauss, 0.24955
40, 6.0, 1, 11, 15, 32, gauss, 0.199
40, 9.5, 1, 19, 15, 32, gauss, 0.3503
40, 6.5, 1, 4, 15, 32, gauss, 0.2062
40, 1.0, 1, 16, 15, 32, gauss, 0.20755
40, 2.5, 1, 10, 15, 32, gauss, 0.1963
40, 10.0, 1, 2, 15, 32, gauss, 0.333
40, 6.0, 1, 12, 15, 32, gauss, 0.1952
40, 7.0, 1, 17, 15, 32, gauss, 0.2267
40, 4.0, 1, 17, 15, 32, gauss, 0.1921
40, 2.0, 1, 1, 15, 32, gauss, 0.2102
40, 0.5, 1, 17, 15, 32, gauss, 0.203
40, 3.0, 1, 15, 15, 32, gauss, 0.1925
40, 10.0, 1, 18, 15, 32, gauss, 0.37145
40, 6.0, 1, 18, 15, 32, gauss, 0.19615
40, 1.0, 1, 17, 15, 32, gauss, 0.2081
40, 1.5, 1, 10, 15, 32, gauss, 0.2052
40, 0.0, 1, 20, 15, 32, gauss, 0.20175
40, 1.0, 1, 2, 15, 32, gauss, 0.20605
40, 7.0, 1, 16, 15, 32, gauss, 0.2061
40, 0.5, 1, 15, 15, 32, gauss, 0.19115
40, 2.5, 1, 2, 15, 32, gauss, 0.2107
40, 7.0, 1, 5, 15, 32, gauss, 0.2147
40, 10.0, 1, 9, 15, 32, gauss, 0.37395
40, 0.5, 1, 18, 15, 32, gauss, 0.2088
40, 3.5, 1, 19, 15, 32, gauss, 0.184
40, 0.0, 1, 4, 15, 32, gauss, 0.2064
40, 5.5, 1, 10, 15, 32, gauss, 0.1913
40, 8.5, 1, 14, 15, 32, gauss, 0.2922
40, 1.5, 1, 2, 15, 32, gauss, 0.2075
40, 8.5, 1, 4, 15, 32, gauss, 0.2728
40, 4.0, 1, 1, 15, 32, gauss, 0.2156
40, 5.0, 1, 11, 15, 32, gauss, 0.183
40, 1.0, 1, 11, 15, 32, gauss, 0.2134
40, 4.0, 1, 19, 15, 32, gauss, 0.1895
40, 5.0, 1, 5, 15, 32, gauss, 0.19495
40, 1.0, 1, 10, 15, 32, gauss, 0.2129
40, 8.0, 1, 15, 15, 32, gauss, 0.2496
40, 9.0, 1, 14, 15, 32, gauss, 0.30475
40, 9.5, 1, 3, 15, 32, gauss, 0.3055
40, 7.5, 1, 3, 15, 32, gauss, 0.2262
40, 5.0, 1, 8, 15, 32, gauss, 0.18935
40, 7.5, 1, 20, 15, 32, gauss, 0.2561
40, 5.5, 1, 19, 15, 32, gauss, 0.19225
40, 6.5, 1, 13, 15, 32, gauss, 0.2063
40, 8.5, 1, 16, 15, 32, gauss, 0.2941
40, 3.5, 1, 2, 15, 32, gauss, 0.2021
40, 10.0, 1, 15, 15, 32, gauss, 0.36445
40, 1.0, 1, 19, 15, 32, gauss, 0.18385
40, 4.5, 1, 11, 15, 32, gauss, 0.18495
40, 4.0, 1, 12, 15, 32, gauss, 0.19035
40, 8.5, 1, 9, 15, 32, gauss, 0.26065
40, 5.5, 1, 1, 15, 32, gauss, 0.21025
40, 5.5, 1, 7, 15, 32, gauss, 0.18395
40, 6.5, 1, 9, 15, 32, gauss, 0.2027
40, 1.0, 1, 7, 15, 32, gauss, 0.2069
40, 3.0, 1, 6, 15, 32, gauss, 0.2063
40, 1.0, 1, 18, 15, 32, gauss, 0.19325
40, 9.0, 1, 19, 15, 32, gauss, 0.30705
40, 4.5, 1, 5, 15, 32, gauss, 0.19605
40, 2.5, 1, 6, 15, 32, gauss, 0.20555
40, 9.0, 1, 3, 15, 32, gauss, 0.2809
40, 9.5, 1, 8, 15, 32, gauss, 0.34495
40, 2.5, 1, 18, 15, 32, gauss, 0.187
40, 3.5, 1, 13, 15, 32, gauss, 0.19385
40, 5.0, 1, 12, 15, 32, gauss, 0.1868
40, 4.0, 1, 4, 15, 32, gauss, 0.2043
40, 8.5, 1, 5, 15, 32, gauss, 0.25725
40, 9.0, 1, 12, 15, 32, gauss, 0.2986
40, 1.5, 1, 12, 15, 32, gauss, 0.2008
40, 4.0, 1, 6, 15, 32, gauss, 0.19305
40, 8.5, 1, 15, 15, 32, gauss, 0.2834
40, 0.5, 1, 7, 15, 32, gauss, 0.20595
40, 3.5, 1, 11, 15, 32, gauss, 0.19005
40, 5.5, 1, 5, 15, 32, gauss, 0.19275
40, 5.5, 1, 17, 15, 32, gauss, 0.1908
40, 3.0, 1, 3, 15, 32, gauss, 0.2029
40, 4.0, 1, 3, 15, 32, gauss, 0.1995
40, 2.0, 1, 13, 15, 32, gauss, 0.1883
40, 9.5, 1, 2, 15, 32, gauss, 0.3084
40, 4.5, 1, 6, 15, 32, gauss, 0.1971
40, 8.5, 1, 20, 15, 32, gauss, 0.2769
40, 9.0, 1, 11, 15, 32, gauss, 0.3151
40, 4.0, 1, 18, 15, 32, gauss, 0.18445
40, 1.5, 1, 5, 15, 32, gauss, 0.2107
40, 9.0, 1, 17, 15, 32, gauss, 0.3165
40, 2.5, 1, 17, 15, 32, gauss, 0.18585
40, 4.5, 1, 13, 15, 32, gauss, 0.1937
40, 8.0, 1, 17, 15, 32, gauss, 0.2505
40, 9.5, 1, 11, 15, 32, gauss, 0.32465
40, 9.5, 1, 20, 15, 32, gauss, 0.35535
40, 9.5, 1, 14, 15, 32, gauss, 0.3453
40, 2.0, 1, 14, 15, 32, gauss, 0.18775
40, 9.5, 1, 17, 15, 32, gauss, 0.3483
40, 6.0, 1, 7, 15, 32, gauss, 0.1938
40, 0.5, 1, 5, 15, 32, gauss, 0.2041
40, 5.5, 1, 14, 15, 32, gauss, 0.1903
40, 6.5, 1, 14, 15, 32, gauss, 0.20445
40, 0.0, 1, 6, 15, 32, gauss, 0.20635
40, 8.0, 1, 10, 15, 32, gauss, 0.2687
40, 3.5, 1, 17, 15, 32, gauss, 0.18785
40, 10.0, 1, 1, 15, 32, gauss, 0.29505
40, 0.0, 1, 11, 15, 32, gauss, 0.19915
40, 4.5, 1, 1, 15, 32, gauss, 0.2156
40, 5.5, 1, 15, 15, 32, gauss, 0.18245
40, 6.0, 1, 17, 15, 32, gauss, 0.19255
40, 6.5, 1, 10, 15, 32, gauss, 0.21045
40, 3.5, 1, 3, 15, 32, gauss, 0.20445
40, 7.5, 1, 5, 15, 32, gauss, 0.2334
40, 2.5, 1, 14, 15, 32, gauss, 0.1912
40, 3.0, 1, 12, 15, 32, gauss, 0.19445
40, 2.5, 1, 4, 15, 32, gauss, 0.20745
40, 3.5, 1, 20, 15, 32, gauss, 0.1856
40, 1.5, 1, 8, 15, 32, gauss, 0.2121
40, 2.0, 1, 4, 15, 32, gauss, 0.20595
40, 2.0, 1, 12, 15, 32, gauss, 0.1995
40, 8.0, 1, 13, 15, 32, gauss, 0.24595
40, 0.5, 1, 20, 15, 32, gauss, 0.2031
40, 0.5, 1, 14, 15, 32, gauss, 0.20075
40, 9.0, 1, 8, 15, 32, gauss, 0.29625
40, 5.5, 1, 3, 15, 32, gauss, 0.20375
40, 4.5, 1, 17, 15, 32, gauss, 0.18415
40, 0.5, 1, 4, 15, 32, gauss, 0.20905
40, 4.5, 1, 12, 15, 32, gauss, 0.1865
40, 2.5, 1, 3, 15, 32, gauss, 0.2132
40, 1.5, 1, 18, 15, 32, gauss, 0.1877
40, 7.0, 1, 13, 15, 32, gauss, 0.2177
40, 1.5, 1, 4, 15, 32, gauss, 0.2196
40, 3.0, 1, 5, 15, 32, gauss, 0.207
40, 5.5, 1, 20, 15, 32, gauss, 0.1959
40, 3.0, 1, 16, 15, 32, gauss, 0.191
40, 8.5, 1, 18, 15, 32, gauss, 0.27675
40, 0.5, 1, 10, 15, 32, gauss, 0.198
40, 7.5, 1, 7, 15, 32, gauss, 0.222
40, 7.5, 1, 11, 15, 32, gauss, 0.2471
40, 6.5, 1, 3, 15, 32, gauss, 0.2067
40, 3.5, 1, 1, 15, 32, gauss, 0.2094
40, 7.5, 1, 9, 15, 32, gauss, 0.2153
40, 7.0, 1, 6, 15, 32, gauss, 0.2087
40, 7.0, 1, 14, 15, 32, gauss, 0.22305
40, 6.0, 1, 2, 15, 32, gauss, 0.21035
40, 2.5, 1, 9, 15, 32, gauss, 0.198
40, 0.5, 1, 19, 15, 32, gauss, 0.2042
40, 7.5, 1, 14, 15, 32, gauss, 0.2352
40, 2.0, 1, 8, 15, 32, gauss, 0.20705
40, 0.0, 1, 19, 15, 32, gauss, 0.198
40, 5.0, 1, 16, 15, 32, gauss, 0.19395
40, 4.5, 1, 19, 15, 32, gauss, 0.1837
40, 6.0, 1, 14, 15, 32, gauss, 0.1931
40, 7.5, 1, 10, 15, 32, gauss, 0.22965
40, 5.5, 1, 16, 15, 32, gauss, 0.1932
40, 0.5, 1, 13, 15, 32, gauss, 0.21415
40, 9.5, 1, 5, 15, 32, gauss, 0.3208
40, 6.0, 1, 1, 15, 32, gauss, 0.21575
40, 6.0, 1, 20, 15, 32, gauss, 0.19735
40, 0.5, 1, 3, 15, 32, gauss, 0.2122
40, 3.0, 1, 1, 15, 32, gauss, 0.20765
40, 2.5, 1, 20, 15, 32, gauss, 0.1921
40, 6.0, 1, 15, 15, 32, gauss, 0.19475
40, 9.5, 1, 6, 15, 32, gauss, 0.3332
40, 9.0, 1, 16, 15, 32, gauss, 0.31875
40, 7.5, 1, 2, 15, 32, gauss, 0.22335
40, 3.5, 1, 15, 15, 32, gauss, 0.18195
40, 4.5, 1, 15, 15, 32, gauss, 0.18645
40, 1.0, 1, 15, 15, 32, gauss, 0.20215
40, 6.5, 1, 7, 15, 32, gauss, 0.2079
40, 1.5, 1, 19, 15, 32, gauss, 0.1931
40, 6.0, 1, 6, 15, 32, gauss, 0.2095
