L, w_bar, strength, sigma_sq, anyons, N, p_failure 
40, 4.5, 1, 10.0, 15, 32, 0.3814
40, 5.5, 1, 6.5, 15, 32, 0.3828
40, 4.5, 1, 14.5, 15, 32, 0.3692
40, 5.0, 1, 13.5, 15, 32, 0.3941
40, 4.5, 1, 9.5, 15, 32, 0.3725
40, 6.25, 1, 12.5, 15, 32, 0.4036
40, 4.0, 1, 8.5, 15, 32, 0.3865
40, 6.75, 1, 12.0, 15, 32, 0.4345
40, 6.25, 1, 14.0, 15, 32, 0.3817
40, 4.5, 1, 11.0, 15, 32, 0.3898
40, 5.25, 1, 6.0, 15, 32, 0.3829
40, 5.5, 1, 13.5, 15, 32, 0.3839
40, 4.0, 1, 11.5, 15, 32, 0.3783
40, 5.25, 1, 13.5, 15, 32, 0.3798
40, 4.75, 1, 5.0, 15, 32, 0.4036
40, 6.75, 1, 11.5, 15, 32, 0.4413
40, 6.25, 1, 12.0, 15, 32, 0.3989
40, 4.5, 1, 8.0, 15, 32, 0.3758
40, 4.0, 1, 9.5, 15, 32, 0.3842
40, 5.5, 1, 10.0, 15, 32, 0.3717
40, 5.0, 1, 8.0, 15, 32, 0.3792
40, 5.0, 1, 8.5, 15, 32, 0.3681
40, 6.75, 1, 6.5, 15, 32, 0.4216
40, 4.25, 1, 11.0, 15, 32, 0.3685
40, 6.5, 1, 8.0, 15, 32, 0.4223
40, 4.0, 1, 10.0, 15, 32, 0.3866
40, 5.75, 1, 10.0, 15, 32, 0.3955
40, 4.0, 1, 6.0, 15, 32, 0.3852
40, 5.75, 1, 9.0, 15, 32, 0.399
40, 4.5, 1, 5.5, 15, 32, 0.4004
40, 5.75, 1, 5.5, 15, 32, 0.401
40, 6.5, 1, 5.5, 15, 32, 0.4033
40, 5.75, 1, 8.0, 15, 32, 0.3814
40, 6.0, 1, 13.0, 15, 32, 0.3814
40, 5.75, 1, 8.5, 15, 32, 0.3892
40, 5.75, 1, 10.5, 15, 32, 0.3868
40, 4.75, 1, 12.0, 15, 32, 0.371
40, 5.0, 1, 12.5, 15, 32, 0.3615
40, 6.0, 1, 13.5, 15, 32, 0.387
40, 4.5, 1, 13.5, 15, 32, 0.3644
40, 6.0, 1, 10.0, 15, 32, 0.3975
40, 6.75, 1, 7.5, 15, 32, 0.432
40, 5.25, 1, 5.5, 15, 32, 0.3862
40, 5.5, 1, 10.5, 15, 32, 0.394
40, 4.5, 1, 8.5, 15, 32, 0.3717
40, 5.0, 1, 5.5, 15, 32, 0.3846
40, 5.25, 1, 7.0, 15, 32, 0.3877
40, 4.25, 1, 13.5, 15, 32, 0.3821
40, 6.5, 1, 11.5, 15, 32, 0.4022
40, 5.0, 1, 11.0, 15, 32, 0.3632
40, 4.5, 1, 6.5, 15, 32, 0.3823
40, 5.25, 1, 14.0, 15, 32, 0.3807
40, 5.5, 1, 11.5, 15, 32, 0.3866
40, 5.0, 1, 6.5, 15, 32, 0.3833
40, 4.0, 1, 9.0, 15, 32, 0.3772
40, 6.0, 1, 6.5, 15, 32, 0.4126
40, 4.75, 1, 7.5, 15, 32, 0.3796
40, 4.75, 1, 6.0, 15, 32, 0.3845
40, 6.25, 1, 8.5, 15, 32, 0.3983
40, 5.25, 1, 8.5, 15, 32, 0.3728
40, 6.0, 1, 14.5, 15, 32, 0.403
40, 4.5, 1, 10.5, 15, 32, 0.3791
40, 5.25, 1, 7.5, 15, 32, 0.3903
40, 4.75, 1, 11.5, 15, 32, 0.3695
40, 6.25, 1, 13.5, 15, 32, 0.3791
40, 5.0, 1, 5.0, 15, 32, 0.3959
40, 4.5, 1, 9.0, 15, 32, 0.3744
40, 4.75, 1, 14.5, 15, 32, 0.3683
40, 4.0, 1, 12.5, 15, 32, 0.3698
40, 6.75, 1, 13.0, 15, 32, 0.4297
40, 5.0, 1, 7.5, 15, 32, 0.3868
40, 4.5, 1, 13.0, 15, 32, 0.3862
40, 6.75, 1, 8.0, 15, 32, 0.4146
40, 5.25, 1, 9.0, 15, 32, 0.3668
40, 6.75, 1, 5.0, 15, 32, 0.4117
40, 5.5, 1, 14.0, 15, 32, 0.3825
40, 5.25, 1, 9.5, 15, 32, 0.3608
40, 5.25, 1, 13.0, 15, 32, 0.4018
40, 6.5, 1, 13.5, 15, 32, 0.4149
40, 5.75, 1, 12.0, 15, 32, 0.3897
40, 6.75, 1, 13.5, 15, 32, 0.4135
40, 6.75, 1, 6.0, 15, 32, 0.3835
40, 5.5, 1, 12.0, 15, 32, 0.3821
40, 5.5, 1, 6.0, 15, 32, 0.3786
40, 6.0, 1, 9.0, 15, 32, 0.3933
40, 6.0, 1, 14.0, 15, 32, 0.3842
40, 6.0, 1, 9.5, 15, 32, 0.3732
40, 6.0, 1, 5.0, 15, 32, 0.4008
40, 5.25, 1, 10.0, 15, 32, 0.3815
40, 4.5, 1, 7.5, 15, 32, 0.3727
40, 6.5, 1, 14.5, 15, 32, 0.4092
40, 6.75, 1, 11.0, 15, 32, 0.4294
40, 6.25, 1, 10.5, 15, 32, 0.4022
40, 5.0, 1, 11.5, 15, 32, 0.3704
40, 6.0, 1, 10.5, 15, 32, 0.3859
40, 5.0, 1, 12.0, 15, 32, 0.3606
40, 4.75, 1, 8.0, 15, 32, 0.3742
40, 5.75, 1, 13.0, 15, 32, 0.3682
40, 6.75, 1, 8.5, 15, 32, 0.4059
40, 6.75, 1, 7.0, 15, 32, 0.4106
40, 6.25, 1, 5.0, 15, 32, 0.4097
40, 5.25, 1, 8.0, 15, 32, 0.3864
40, 6.0, 1, 12.5, 15, 32, 0.3966
40, 4.75, 1, 13.5, 15, 32, 0.367
40, 4.25, 1, 5.0, 15, 32, 0.4033
40, 4.75, 1, 14.0, 15, 32, 0.3636
40, 5.25, 1, 10.5, 15, 32, 0.3844
40, 5.75, 1, 13.5, 15, 32, 0.3887
40, 6.0, 1, 7.5, 15, 32, 0.3929
40, 6.5, 1, 7.5, 15, 32, 0.4019
40, 5.0, 1, 6.0, 15, 32, 0.3888
40, 5.25, 1, 11.0, 15, 32, 0.3831
40, 5.5, 1, 7.5, 15, 32, 0.396
40, 6.5, 1, 5.0, 15, 32, 0.3935
40, 5.5, 1, 5.0, 15, 32, 0.3855
40, 4.25, 1, 7.0, 15, 32, 0.3961
40, 6.25, 1, 6.5, 15, 32, 0.4074
40, 5.75, 1, 6.0, 15, 32, 0.3944
40, 4.0, 1, 5.5, 15, 32, 0.4007
40, 5.0, 1, 14.0, 15, 32, 0.3996
40, 5.5, 1, 9.5, 15, 32, 0.3789
40, 6.25, 1, 6.0, 15, 32, 0.3971
40, 5.0, 1, 9.0, 15, 32, 0.3685
40, 4.25, 1, 9.0, 15, 32, 0.3642
40, 5.75, 1, 14.5, 15, 32, 0.3796
40, 4.75, 1, 11.0, 15, 32, 0.3698
40, 4.0, 1, 13.5, 15, 32, 0.3814
40, 6.0, 1, 5.5, 15, 32, 0.3965
40, 4.25, 1, 7.5, 15, 32, 0.3895
40, 4.0, 1, 13.0, 15, 32, 0.3671
40, 6.75, 1, 10.5, 15, 32, 0.4381
40, 4.25, 1, 14.0, 15, 32, 0.3866
40, 6.5, 1, 10.0, 15, 32, 0.4137
40, 4.5, 1, 5.0, 15, 32, 0.3964
40, 4.75, 1, 7.0, 15, 32, 0.3869
40, 5.75, 1, 11.0, 15, 32, 0.3913
40, 5.25, 1, 6.5, 15, 32, 0.4005
40, 6.0, 1, 12.0, 15, 32, 0.3814
40, 5.5, 1, 14.5, 15, 32, 0.3922
40, 6.75, 1, 5.5, 15, 32, 0.4052
40, 4.25, 1, 14.5, 15, 32, 0.3806
40, 5.5, 1, 11.0, 15, 32, 0.3883
40, 4.0, 1, 8.0, 15, 32, 0.3809
40, 6.5, 1, 6.5, 15, 32, 0.4174
40, 6.25, 1, 13.0, 15, 32, 0.4027
40, 6.75, 1, 10.0, 15, 32, 0.4144
40, 6.5, 1, 12.0, 15, 32, 0.3957
40, 5.5, 1, 12.5, 15, 32, 0.3764
40, 5.25, 1, 12.5, 15, 32, 0.3818
40, 4.75, 1, 8.5, 15, 32, 0.3941
40, 5.25, 1, 11.5, 15, 32, 0.3758
40, 5.0, 1, 14.5, 15, 32, 0.4013
40, 6.0, 1, 11.5, 15, 32, 0.4047
40, 4.0, 1, 7.0, 15, 32, 0.3985
40, 6.25, 1, 7.5, 15, 32, 0.4084
40, 5.75, 1, 12.5, 15, 32, 0.3783
40, 4.0, 1, 7.5, 15, 32, 0.4011
40, 4.25, 1, 11.5, 15, 32, 0.373
40, 4.75, 1, 10.5, 15, 32, 0.3592
40, 6.5, 1, 14.0, 15, 32, 0.4067
40, 6.0, 1, 11.0, 15, 32, 0.3951
40, 5.5, 1, 5.5, 15, 32, 0.3866
40, 6.0, 1, 7.0, 15, 32, 0.3828
40, 5.75, 1, 5.0, 15, 32, 0.3924
40, 6.75, 1, 12.5, 15, 32, 0.4449
40, 5.5, 1, 8.5, 15, 32, 0.3953
40, 6.5, 1, 13.0, 15, 32, 0.404
40, 6.75, 1, 9.0, 15, 32, 0.4307
40, 5.75, 1, 11.5, 15, 32, 0.3706
40, 6.25, 1, 14.5, 15, 32, 0.3825
40, 4.25, 1, 6.5, 15, 32, 0.3961
40, 4.75, 1, 12.5, 15, 32, 0.3535
40, 4.25, 1, 6.0, 15, 32, 0.3854
40, 5.0, 1, 10.0, 15, 32, 0.3881
40, 5.0, 1, 13.0, 15, 32, 0.3899
40, 5.75, 1, 7.5, 15, 32, 0.4018
40, 6.25, 1, 9.0, 15, 32, 0.3914
40, 6.5, 1, 10.5, 15, 32, 0.4347
40, 4.0, 1, 14.0, 15, 32, 0.3751
40, 6.5, 1, 8.5, 15, 32, 0.4291
40, 6.25, 1, 8.0, 15, 32, 0.4026
40, 6.25, 1, 11.5, 15, 32, 0.4063
40, 4.0, 1, 12.0, 15, 32, 0.3684
40, 5.25, 1, 12.0, 15, 32, 0.4035
40, 4.25, 1, 12.5, 15, 32, 0.3698
40, 4.5, 1, 14.0, 15, 32, 0.3755
40, 5.5, 1, 8.0, 15, 32, 0.4047
40, 4.5, 1, 6.0, 15, 32, 0.4073
40, 4.75, 1, 10.0, 15, 32, 0.3749
40, 4.0, 1, 10.5, 15, 32, 0.397
40, 4.25, 1, 10.0, 15, 32, 0.3909
40, 5.5, 1, 7.0, 15, 32, 0.3775
40, 4.75, 1, 9.5, 15, 32, 0.3795
40, 5.25, 1, 14.5, 15, 32, 0.383
40, 6.5, 1, 7.0, 15, 32, 0.4059
40, 5.5, 1, 9.0, 15, 32, 0.3867
40, 4.75, 1, 5.5, 15, 32, 0.3811
40, 6.0, 1, 8.0, 15, 32, 0.3992
40, 6.75, 1, 14.0, 15, 32, 0.408
40, 4.5, 1, 12.5, 15, 32, 0.3821
40, 4.5, 1, 11.5, 15, 32, 0.3719
40, 5.5, 1, 13.0, 15, 32, 0.3857
40, 4.75, 1, 13.0, 15, 32, 0.3672
40, 6.5, 1, 6.0, 15, 32, 0.4141
40, 6.0, 1, 8.5, 15, 32, 0.3968
40, 4.5, 1, 7.0, 15, 32, 0.3873
40, 4.5, 1, 12.0, 15, 32, 0.3762
40, 5.0, 1, 10.5, 15, 32, 0.358
40, 4.0, 1, 6.5, 15, 32, 0.3992
40, 6.25, 1, 10.0, 15, 32, 0.4099
40, 6.5, 1, 9.0, 15, 32, 0.417
40, 6.75, 1, 9.5, 15, 32, 0.415
40, 4.25, 1, 8.5, 15, 32, 0.3788
40, 4.25, 1, 13.0, 15, 32, 0.3724
40, 4.0, 1, 11.0, 15, 32, 0.3831
40, 5.0, 1, 9.5, 15, 32, 0.3805
40, 5.75, 1, 9.5, 15, 32, 0.3971
40, 4.25, 1, 5.5, 15, 32, 0.3998
40, 4.0, 1, 5.0, 15, 32, 0.4045
40, 6.0, 1, 6.0, 15, 32, 0.419
40, 5.25, 1, 5.0, 15, 32, 0.3925
40, 6.5, 1, 11.0, 15, 32, 0.3966
40, 4.75, 1, 9.0, 15, 32, 0.3887
40, 6.5, 1, 12.5, 15, 32, 0.4158
40, 5.75, 1, 7.0, 15, 32, 0.4049
40, 4.25, 1, 8.0, 15, 32, 0.3811
40, 6.25, 1, 9.5, 15, 32, 0.4117
40, 4.25, 1, 12.0, 15, 32, 0.3774
40, 4.25, 1, 10.5, 15, 32, 0.3696
40, 5.0, 1, 7.0, 15, 32, 0.3674
40, 5.75, 1, 14.0, 15, 32, 0.3933
40, 4.0, 1, 14.5, 15, 32, 0.3936
40, 4.25, 1, 9.5, 15, 32, 0.3787
40, 6.25, 1, 11.0, 15, 32, 0.3929
40, 5.75, 1, 6.5, 15, 32, 0.3914
40, 4.75, 1, 6.5, 15, 32, 0.3786
40, 6.75, 1, 14.5, 15, 32, 0.4063
40, 6.25, 1, 7.0, 15, 32, 0.4102
40, 6.25, 1, 5.5, 15, 32, 0.4154
40, 6.5, 1, 9.5, 15, 32, 0.4142
