L, w_bar, strength, sigma_sq, anyons, N, p_failure 
40, 7.5, 1, 12, 8, 32, gauss, 0.0439361702128
40, 4.0, 1, 2, 8, 32, gauss, 0.0405319148936
40, 2.5, 1, 12, 8, 32, gauss, 0.0391489361702
40, 2.5, 1, 1, 8, 32, gauss, 0.0391489361702
40, 3.5, 1, 6, 8, 32, gauss, 0.0397872340426
40, 0.5, 1, 15, 8, 32, gauss, 0.0363829787234
40, 0.0, 1, 5, 8, 32, gauss, 0.0347872340426
40, 0.5, 1, 9, 8, 32, gauss, 0.0384042553191
40, 3.0, 1, 11, 8, 32, gauss, 0.0351063829787
40, 7.5, 1, 10, 8, 32, gauss, 0.041170212766
40, 7.5, 1, 8, 8, 32, gauss, 0.0395744680851
40, 4.5, 1, 2, 8, 32, gauss, 0.0404255319149
40, 4.5, 1, 4, 8, 32, gauss, 0.0396808510638
40, 0.0, 1, 11, 8, 32, gauss, 0.0355319148936
40, 1.5, 1, 12, 8, 32, gauss, 0.0395744680851
40, 6.0, 1, 16, 8, 32, gauss, 0.0360638297872
40, 6.0, 1, 2, 8, 32, gauss, 0.0402127659574
40, 5.0, 1, 13, 8, 32, gauss, 0.0339361702128
40, 1.5, 1, 8, 8, 32, gauss, 0.0376595744681
40, 0.5, 1, 16, 8, 32, gauss, 0.0378723404255
40, 7.0, 1, 10, 8, 32, gauss, 0.0358510638298
40, 4.0, 1, 3, 8, 32, gauss, 0.0445744680851
40, 6.0, 1, 1, 8, 32, gauss, 0.0431914893617
40, 7.5, 1, 5, 8, 32, gauss, 0.0408510638298
40, 5.5, 1, 5, 8, 32, gauss, 0.0375531914894
40, 7.5, 1, 15, 8, 32, gauss, 0.0447872340426
40, 6.5, 1, 7, 8, 32, gauss, 0.0385106382979
40, 7.5, 1, 14, 8, 32, gauss, 0.0429787234043
40, 7.0, 1, 9, 8, 32, gauss, 0.0406382978723
40, 0.0, 1, 13, 8, 32, gauss, 0.0371276595745
40, 3.0, 1, 6, 8, 32, gauss, 0.0373404255319
40, 7.0, 1, 3, 8, 32, gauss, 0.0418085106383
40, 2.0, 1, 7, 8, 32, gauss, 0.0398936170213
40, 7.0, 1, 14, 8, 32, gauss, 0.0420212765957
40, 0.0, 1, 12, 8, 32, gauss, 0.0384042553191
40, 0.5, 1, 5, 8, 32, gauss, 0.0401063829787
40, 6.5, 1, 1, 8, 32, gauss, 0.043085106383
40, 1.0, 1, 16, 8, 32, gauss, 0.0387234042553
40, 0.0, 1, 7, 8, 32, gauss, 0.0387234042553
40, 5.0, 1, 6, 8, 32, gauss, 0.0393617021277
40, 6.0, 1, 12, 8, 32, gauss, 0.0348936170213
40, 2.0, 1, 9, 8, 32, gauss, 0.0371276595745
40, 5.0, 1, 14, 8, 32, gauss, 0.0374468085106
40, 4.5, 1, 9, 8, 32, gauss, 0.0355319148936
40, 3.5, 1, 11, 8, 32, gauss, 0.0343617021277
40, 6.5, 1, 6, 8, 32, gauss, 0.0432978723404
40, 5.5, 1, 3, 8, 32, gauss, 0.0396808510638
40, 0.0, 1, 8, 8, 32, gauss, 0.0390425531915
40, 1.0, 1, 12, 8, 32, gauss, 0.0340425531915
40, 5.0, 1, 9, 8, 32, gauss, 0.0344680851064
40, 6.5, 1, 2, 8, 32, gauss, 0.0420212765957
40, 6.0, 1, 10, 8, 32, gauss, 0.0374468085106
40, 6.5, 1, 16, 8, 32, gauss, 0.0396808510638
40, 5.0, 1, 7, 8, 32, gauss, 0.0370212765957
40, 3.0, 1, 12, 8, 32, gauss, 0.0370212765957
40, 1.5, 1, 5, 8, 32, gauss, 0.0375531914894
40, 7.5, 1, 11, 8, 32, gauss, 0.0401063829787
40, 4.5, 1, 16, 8, 32, gauss, 0.0335106382979
40, 3.5, 1, 9, 8, 32, gauss, 0.0398936170213
40, 1.5, 1, 16, 8, 32, gauss, 0.0327659574468
40, 1.0, 1, 15, 8, 32, gauss, 0.0396808510638
40, 3.5, 1, 4, 8, 32, gauss, 0.0437234042553
40, 1.0, 1, 5, 8, 32, gauss, 0.0357446808511
40, 4.0, 1, 5, 8, 32, gauss, 0.0355319148936
40, 5.5, 1, 1, 8, 32, gauss, 0.0384042553191
40, 1.5, 1, 14, 8, 32, gauss, 0.0359574468085
40, 1.5, 1, 4, 8, 32, gauss, 0.0404255319149
40, 2.5, 1, 7, 8, 32, gauss, 0.04
40, 1.5, 1, 1, 8, 32, gauss, 0.0374468085106
40, 6.5, 1, 14, 8, 32, gauss, 0.0347872340426
40, 7.0, 1, 4, 8, 32, gauss, 0.043829787234
40, 5.0, 1, 16, 8, 32, gauss, 0.0326595744681
40, 4.0, 1, 11, 8, 32, gauss, 0.038829787234
40, 2.0, 1, 8, 8, 32, gauss, 0.0359574468085
40, 7.0, 1, 12, 8, 32, gauss, 0.0401063829787
40, 2.5, 1, 4, 8, 32, gauss, 0.0398936170213
40, 0.5, 1, 11, 8, 32, gauss, 0.0424468085106
40, 3.5, 1, 15, 8, 32, gauss, 0.0289361702128
40, 5.5, 1, 15, 8, 32, gauss, 0.0334042553191
40, 5.5, 1, 8, 8, 32, gauss, 0.0385106382979
40, 6.5, 1, 12, 8, 32, gauss, 0.0341489361702
40, 2.0, 1, 6, 8, 32, gauss, 0.0418085106383
40, 1.0, 1, 9, 8, 32, gauss, 0.0422340425532
40, 3.0, 1, 14, 8, 32, gauss, 0.0359574468085
40, 7.0, 1, 11, 8, 32, gauss, 0.0372340425532
40, 0.0, 1, 1, 8, 32, gauss, 0.0360638297872
40, 0.0, 1, 15, 8, 32, gauss, 0.0385106382979
40, 6.5, 1, 4, 8, 32, gauss, 0.0391489361702
40, 7.0, 1, 5, 8, 32, gauss, 0.0378723404255
40, 2.0, 1, 5, 8, 32, gauss, 0.0417021276596
40, 0.0, 1, 10, 8, 32, gauss, 0.0359574468085
40, 0.0, 1, 9, 8, 32, gauss, 0.0384042553191
40, 5.5, 1, 11, 8, 32, gauss, 0.0318085106383
40, 4.5, 1, 10, 8, 32, gauss, 0.0332978723404
40, 5.5, 1, 6, 8, 32, gauss, 0.0423404255319
40, 3.0, 1, 13, 8, 32, gauss, 0.0340425531915
40, 5.0, 1, 4, 8, 32, gauss, 0.0424468085106
40, 0.0, 1, 4, 8, 32, gauss, 0.0375531914894
40, 3.0, 1, 4, 8, 32, gauss, 0.0407446808511
40, 3.0, 1, 7, 8, 32, gauss, 0.0394680851064
40, 2.0, 1, 16, 8, 32, gauss, 0.0357446808511
40, 1.5, 1, 10, 8, 32, gauss, 0.0389361702128
40, 0.5, 1, 1, 8, 32, gauss, 0.0359574468085
40, 3.0, 1, 15, 8, 32, gauss, 0.038085106383
40, 1.0, 1, 2, 8, 32, gauss, 0.0353191489362
40, 4.0, 1, 10, 8, 32, gauss, 0.0386170212766
40, 1.0, 1, 10, 8, 32, gauss, 0.0384042553191
40, 5.0, 1, 15, 8, 32, gauss, 0.0296808510638
40, 6.0, 1, 8, 8, 32, gauss, 0.0373404255319
40, 2.5, 1, 6, 8, 32, gauss, 0.0351063829787
40, 2.5, 1, 16, 8, 32, gauss, 0.036914893617
40, 5.5, 1, 4, 8, 32, gauss, 0.0407446808511
40, 3.0, 1, 8, 8, 32, gauss, 0.0340425531915
40, 6.0, 1, 6, 8, 32, gauss, 0.0406382978723
40, 3.5, 1, 2, 8, 32, gauss, 0.0387234042553
40, 2.5, 1, 3, 8, 32, gauss, 0.038085106383
40, 0.0, 1, 3, 8, 32, gauss, 0.0374468085106
40, 7.5, 1, 13, 8, 32, gauss, 0.0451063829787
40, 1.0, 1, 13, 8, 32, gauss, 0.0368085106383
40, 2.0, 1, 14, 8, 32, gauss, 0.033829787234
40, 6.5, 1, 8, 8, 32, gauss, 0.0378723404255
40, 1.0, 1, 3, 8, 32, gauss, 0.0362765957447
40, 4.0, 1, 7, 8, 32, gauss, 0.0406382978723
40, 2.0, 1, 4, 8, 32, gauss, 0.0405319148936
40, 0.5, 1, 12, 8, 32, gauss, 0.043829787234
40, 7.5, 1, 16, 8, 32, gauss, 0.0445744680851
40, 1.5, 1, 2, 8, 32, gauss, 0.0376595744681
40, 1.5, 1, 6, 8, 32, gauss, 0.0409574468085
40, 7.0, 1, 6, 8, 32, gauss, 0.0392553191489
40, 0.5, 1, 4, 8, 32, gauss, 0.0345744680851
40, 5.0, 1, 5, 8, 32, gauss, 0.0392553191489
40, 3.5, 1, 1, 8, 32, gauss, 0.0412765957447
40, 6.0, 1, 15, 8, 32, gauss, 0.0335106382979
40, 4.5, 1, 1, 8, 32, gauss, 0.043085106383
40, 7.5, 1, 7, 8, 32, gauss, 0.0407446808511
40, 5.5, 1, 2, 8, 32, gauss, 0.04
40, 4.0, 1, 13, 8, 32, gauss, 0.0312765957447
40, 5.0, 1, 2, 8, 32, gauss, 0.036914893617
40, 7.5, 1, 1, 8, 32, gauss, 0.0471276595745
40, 0.5, 1, 7, 8, 32, gauss, 0.0415957446809
40, 7.5, 1, 4, 8, 32, gauss, 0.0407446808511
40, 7.0, 1, 13, 8, 32, gauss, 0.0374468085106
40, 2.0, 1, 13, 8, 32, gauss, 0.0378723404255
40, 0.5, 1, 6, 8, 32, gauss, 0.038085106383
40, 6.5, 1, 9, 8, 32, gauss, 0.0359574468085
40, 7.0, 1, 7, 8, 32, gauss, 0.0362765957447
40, 3.0, 1, 16, 8, 32, gauss, 0.0354255319149
40, 3.5, 1, 5, 8, 32, gauss, 0.038085106383
40, 0.0, 1, 14, 8, 32, gauss, 0.0402127659574
40, 3.5, 1, 13, 8, 32, gauss, 0.0409574468085
40, 5.0, 1, 12, 8, 32, gauss, 0.0344680851064
40, 0.5, 1, 10, 8, 32, gauss, 0.0371276595745
40, 2.5, 1, 15, 8, 32, gauss, 0.0376595744681
40, 4.0, 1, 12, 8, 32, gauss, 0.0353191489362
40, 3.0, 1, 1, 8, 32, gauss, 0.0391489361702
40, 4.0, 1, 6, 8, 32, gauss, 0.0397872340426
40, 4.5, 1, 5, 8, 32, gauss, 0.0390425531915
40, 5.0, 1, 3, 8, 32, gauss, 0.0392553191489
40, 1.5, 1, 13, 8, 32, gauss, 0.043829787234
40, 5.5, 1, 13, 8, 32, gauss, 0.0324468085106
40, 1.5, 1, 7, 8, 32, gauss, 0.0382978723404
40, 4.5, 1, 6, 8, 32, gauss, 0.0365957446809
40, 3.5, 1, 7, 8, 32, gauss, 0.0414893617021
40, 6.0, 1, 14, 8, 32, gauss, 0.0310638297872
40, 0.5, 1, 13, 8, 32, gauss, 0.0353191489362
40, 6.0, 1, 4, 8, 32, gauss, 0.0427659574468
40, 4.0, 1, 16, 8, 32, gauss, 0.0353191489362
40, 5.5, 1, 9, 8, 32, gauss, 0.0358510638298
40, 5.5, 1, 7, 8, 32, gauss, 0.0340425531915
40, 7.5, 1, 6, 8, 32, gauss, 0.0455319148936
40, 1.0, 1, 11, 8, 32, gauss, 0.0408510638298
40, 4.0, 1, 15, 8, 32, gauss, 0.031914893617
40, 2.0, 1, 12, 8, 32, gauss, 0.0386170212766
40, 5.0, 1, 10, 8, 32, gauss, 0.0346808510638
40, 1.0, 1, 1, 8, 32, gauss, 0.0373404255319
40, 2.0, 1, 2, 8, 32, gauss, 0.036914893617
40, 2.5, 1, 2, 8, 32, gauss, 0.0394680851064
40, 7.0, 1, 16, 8, 32, gauss, 0.0378723404255
40, 6.5, 1, 3, 8, 32, gauss, 0.0385106382979
40, 6.0, 1, 9, 8, 32, gauss, 0.0328723404255
40, 7.0, 1, 15, 8, 32, gauss, 0.0396808510638
40, 6.0, 1, 5, 8, 32, gauss, 0.0392553191489
40, 5.5, 1, 16, 8, 32, gauss, 0.033829787234
40, 2.5, 1, 11, 8, 32, gauss, 0.0385106382979
40, 2.5, 1, 13, 8, 32, gauss, 0.0351063829787
40, 6.5, 1, 11, 8, 32, gauss, 0.0329787234043
40, 7.0, 1, 1, 8, 32, gauss, 0.0413829787234
40, 0.0, 1, 2, 8, 32, gauss, 0.0309574468085
40, 6.5, 1, 5, 8, 32, gauss, 0.0393617021277
40, 3.0, 1, 2, 8, 32, gauss, 0.0371276595745
40, 0.0, 1, 16, 8, 32, gauss, 0.0355319148936
40, 2.0, 1, 3, 8, 32, gauss, 0.0373404255319
40, 3.5, 1, 3, 8, 32, gauss, 0.0376595744681
40, 2.0, 1, 11, 8, 32, gauss, 0.0407446808511
40, 1.5, 1, 11, 8, 32, gauss, 0.0352127659574
40, 2.5, 1, 14, 8, 32, gauss, 0.0356382978723
40, 2.0, 1, 15, 8, 32, gauss, 0.0340425531915
40, 1.0, 1, 6, 8, 32, gauss, 0.0384042553191
40, 3.0, 1, 9, 8, 32, gauss, 0.0394680851064
40, 4.0, 1, 14, 8, 32, gauss, 0.0292553191489
40, 7.0, 1, 8, 8, 32, gauss, 0.0402127659574
40, 2.5, 1, 10, 8, 32, gauss, 0.0401063829787
40, 3.0, 1, 3, 8, 32, gauss, 0.0372340425532
40, 0.5, 1, 2, 8, 32, gauss, 0.0382978723404
40, 1.5, 1, 3, 8, 32, gauss, 0.0391489361702
40, 1.0, 1, 8, 8, 32, gauss, 0.0401063829787
40, 4.5, 1, 13, 8, 32, gauss, 0.0341489361702
40, 6.5, 1, 10, 8, 32, gauss, 0.0354255319149
40, 6.5, 1, 15, 8, 32, gauss, 0.0353191489362
40, 1.0, 1, 7, 8, 32, gauss, 0.0413829787234
40, 4.5, 1, 11, 8, 32, gauss, 0.0341489361702
40, 3.5, 1, 8, 8, 32, gauss, 0.0390425531915
40, 5.5, 1, 10, 8, 32, gauss, 0.0346808510638
40, 5.5, 1, 14, 8, 32, gauss, 0.031914893617
40, 5.5, 1, 12, 8, 32, gauss, 0.0323404255319
40, 4.0, 1, 1, 8, 32, gauss, 0.0381914893617
40, 4.5, 1, 3, 8, 32, gauss, 0.0359574468085
40, 7.0, 1, 2, 8, 32, gauss, 0.0397872340426
40, 7.5, 1, 2, 8, 32, gauss, 0.043829787234
40, 6.0, 1, 3, 8, 32, gauss, 0.0390425531915
40, 0.5, 1, 3, 8, 32, gauss, 0.0381914893617
40, 4.5, 1, 14, 8, 32, gauss, 0.033085106383
40, 4.0, 1, 9, 8, 32, gauss, 0.0362765957447
40, 2.0, 1, 10, 8, 32, gauss, 0.0347872340426
40, 6.0, 1, 7, 8, 32, gauss, 0.0351063829787
40, 2.5, 1, 8, 8, 32, gauss, 0.0394680851064
40, 6.0, 1, 11, 8, 32, gauss, 0.0375531914894
40, 6.5, 1, 13, 8, 32, gauss, 0.0406382978723
40, 0.0, 1, 6, 8, 32, gauss, 0.0371276595745
40, 2.5, 1, 5, 8, 32, gauss, 0.0379787234043
40, 6.0, 1, 13, 8, 32, gauss, 0.0341489361702
40, 2.5, 1, 9, 8, 32, gauss, 0.038085106383
40, 7.5, 1, 3, 8, 32, gauss, 0.045
40, 1.0, 1, 14, 8, 32, gauss, 0.0376595744681
40, 0.5, 1, 14, 8, 32, gauss, 0.0335106382979
40, 4.5, 1, 15, 8, 32, gauss, 0.031170212766
40, 4.5, 1, 8, 8, 32, gauss, 0.0314893617021
40, 4.5, 1, 7, 8, 32, gauss, 0.0357446808511
40, 7.5, 1, 9, 8, 32, gauss, 0.0401063829787
40, 1.5, 1, 9, 8, 32, gauss, 0.041914893617
40, 4.0, 1, 4, 8, 32, gauss, 0.0384042553191
40, 3.0, 1, 10, 8, 32, gauss, 0.04
40, 4.5, 1, 12, 8, 32, gauss, 0.035
40, 3.5, 1, 14, 8, 32, gauss, 0.0373404255319
40, 5.0, 1, 8, 8, 32, gauss, 0.0347872340426
40, 3.5, 1, 16, 8, 32, gauss, 0.033829787234
40, 2.0, 1, 1, 8, 32, gauss, 0.0386170212766
40, 1.5, 1, 15, 8, 32, gauss, 0.0385106382979
40, 3.0, 1, 5, 8, 32, gauss, 0.0407446808511
40, 0.5, 1, 8, 8, 32, gauss, 0.0374468085106
40, 3.5, 1, 10, 8, 32, gauss, 0.0421276595745
40, 5.0, 1, 11, 8, 32, gauss, 0.0327659574468
40, 1.0, 1, 4, 8, 32, gauss, 0.0371276595745
40, 5.0, 1, 1, 8, 32, gauss, 0.04
40, 3.5, 1, 12, 8, 32, gauss, 0.0364893617021
40, 4.0, 1, 8, 8, 32, gauss, 0.0348936170213
