L, w_bar, strength, sigma_sq, anyons, N, p_failure 
40, 6.5, 1, 28, 15, 32, gauss, 0.21705
40, 5.0, 1, 35, 15, 32, gauss, 0.1998
40, 2.0, 1, 33, 15, 32, gauss, 0.1883
40, 2.0, 1, 22, 15, 32, gauss, 0.1865
40, 6.0, 1, 25, 15, 32, gauss, 0.19685
40, 0.0, 1, 35, 15, 32, gauss, 0.17835
40, 1.5, 1, 30, 15, 32, gauss, 0.1951
40, 4.5, 1, 21, 15, 32, gauss, 0.20005
40, 6.0, 1, 28, 15, 32, gauss, 0.19925
40, 6.0, 1, 35, 15, 32, gauss, 0.1919
40, 0.5, 1, 28, 15, 32, gauss, 0.19605
40, 2.5, 1, 31, 15, 32, gauss, 0.19705
40, 2.0, 1, 30, 15, 32, gauss, 0.18385
40, 3.5, 1, 35, 15, 32, gauss, 0.1811
40, 4.0, 1, 31, 15, 32, gauss, 0.19055
40, 2.0, 1, 26, 15, 32, gauss, 0.18775
40, 4.0, 1, 27, 15, 32, gauss, 0.1797
40, 3.0, 1, 36, 15, 32, gauss, 0.1801
40, 1.0, 1, 20, 15, 32, gauss, 0.18415
40, 2.0, 1, 28, 15, 32, gauss, 0.1803
40, 3.0, 1, 32, 15, 32, gauss, 0.1877
40, 6.5, 1, 31, 15, 32, gauss, 0.21265
40, 2.5, 1, 26, 15, 32, gauss, 0.18225
40, 0.5, 1, 37, 15, 32, gauss, 0.18635
40, 2.5, 1, 27, 15, 32, gauss, 0.18985
40, 4.5, 1, 35, 15, 32, gauss, 0.19535
40, 0.0, 1, 39, 15, 32, gauss, 0.18805
40, 6.5, 1, 39, 15, 32, gauss, 0.2164
40, 5.0, 1, 31, 15, 32, gauss, 0.19405
40, 4.5, 1, 27, 15, 32, gauss, 0.1993
40, 5.0, 1, 39, 15, 32, gauss, 0.19815
40, 0.0, 1, 40, 15, 32, gauss, 0.19195
40, 5.5, 1, 26, 15, 32, gauss, 0.20665
40, 5.5, 1, 21, 15, 32, gauss, 0.1951
40, 1.0, 1, 26, 15, 32, gauss, 0.17695
40, 2.5, 1, 24, 15, 32, gauss, 0.1822
40, 0.0, 1, 20, 15, 32, gauss, 0.20105
40, 3.0, 1, 29, 15, 32, gauss, 0.1794
40, 0.5, 1, 26, 15, 32, gauss, 0.1978
40, 4.0, 1, 30, 15, 32, gauss, 0.1808
40, 6.5, 1, 26, 15, 32, gauss, 0.1985
40, 6.5, 1, 38, 15, 32, gauss, 0.2196
40, 1.5, 1, 31, 15, 32, gauss, 0.1835
40, 5.0, 1, 28, 15, 32, gauss, 0.19265
40, 5.5, 1, 37, 15, 32, gauss, 0.19765
40, 6.5, 1, 20, 15, 32, gauss, 0.19705
40, 4.5, 1, 31, 15, 32, gauss, 0.19225
40, 4.5, 1, 36, 15, 32, gauss, 0.1956
40, 4.0, 1, 33, 15, 32, gauss, 0.1901
40, 2.5, 1, 21, 15, 32, gauss, 0.19505
40, 1.5, 1, 40, 15, 32, gauss, 0.18175
40, 5.0, 1, 40, 15, 32, gauss, 0.20205
40, 1.5, 1, 38, 15, 32, gauss, 0.1839
40, 4.5, 1, 37, 15, 32, gauss, 0.189
40, 1.0, 1, 23, 15, 32, gauss, 0.1962
40, 0.5, 1, 25, 15, 32, gauss, 0.20115
40, 3.0, 1, 22, 15, 32, gauss, 0.18165
40, 6.0, 1, 38, 15, 32, gauss, 0.1953
40, 6.0, 1, 23, 15, 32, gauss, 0.1912
40, 6.0, 1, 20, 15, 32, gauss, 0.2025
40, 0.5, 1, 27, 15, 32, gauss, 0.19355
40, 2.5, 1, 38, 15, 32, gauss, 0.1877
40, 0.0, 1, 33, 15, 32, gauss, 0.1786
40, 1.5, 1, 24, 15, 32, gauss, 0.18435
40, 2.0, 1, 36, 15, 32, gauss, 0.1845
40, 1.0, 1, 36, 15, 32, gauss, 0.18085
40, 6.5, 1, 37, 15, 32, gauss, 0.21815
40, 3.5, 1, 24, 15, 32, gauss, 0.1846
40, 6.5, 1, 33, 15, 32, gauss, 0.21765
40, 1.5, 1, 26, 15, 32, gauss, 0.17955
40, 2.5, 1, 22, 15, 32, gauss, 0.18515
40, 5.5, 1, 30, 15, 32, gauss, 0.1969
40, 4.5, 1, 26, 15, 32, gauss, 0.1957
40, 0.5, 1, 24, 15, 32, gauss, 0.18765
40, 6.5, 1, 27, 15, 32, gauss, 0.2208
40, 6.0, 1, 24, 15, 32, gauss, 0.1988
40, 3.0, 1, 30, 15, 32, gauss, 0.1781
40, 1.0, 1, 27, 15, 32, gauss, 0.1798
40, 3.0, 1, 40, 15, 32, gauss, 0.18075
40, 2.0, 1, 24, 15, 32, gauss, 0.19445
40, 3.5, 1, 39, 15, 32, gauss, 0.18585
40, 2.0, 1, 39, 15, 32, gauss, 0.18465
40, 6.0, 1, 39, 15, 32, gauss, 0.21865
40, 0.5, 1, 20, 15, 32, gauss, 0.20485
40, 3.0, 1, 34, 15, 32, gauss, 0.1837
40, 1.5, 1, 32, 15, 32, gauss, 0.18125
40, 3.5, 1, 20, 15, 32, gauss, 0.1882
40, 1.5, 1, 34, 15, 32, gauss, 0.18215
40, 0.5, 1, 32, 15, 32, gauss, 0.1826
40, 2.5, 1, 23, 15, 32, gauss, 0.18435
40, 5.5, 1, 28, 15, 32, gauss, 0.20005
40, 6.0, 1, 33, 15, 32, gauss, 0.2017
40, 2.5, 1, 40, 15, 32, gauss, 0.18915
40, 1.0, 1, 31, 15, 32, gauss, 0.18655
40, 6.5, 1, 40, 15, 32, gauss, 0.21995
40, 4.0, 1, 29, 15, 32, gauss, 0.18515
40, 5.5, 1, 25, 15, 32, gauss, 0.20545
40, 3.5, 1, 29, 15, 32, gauss, 0.18135
40, 0.5, 1, 38, 15, 32, gauss, 0.1758
40, 1.0, 1, 39, 15, 32, gauss, 0.1878
40, 3.0, 1, 23, 15, 32, gauss, 0.18895
40, 3.0, 1, 38, 15, 32, gauss, 0.183
40, 1.0, 1, 35, 15, 32, gauss, 0.1804
40, 5.0, 1, 21, 15, 32, gauss, 0.193
40, 5.5, 1, 31, 15, 32, gauss, 0.1935
40, 0.0, 1, 38, 15, 32, gauss, 0.18775
40, 3.5, 1, 31, 15, 32, gauss, 0.18255
40, 3.0, 1, 20, 15, 32, gauss, 0.19195
40, 2.0, 1, 20, 15, 32, gauss, 0.1811
40, 5.5, 1, 20, 15, 32, gauss, 0.1966
40, 1.0, 1, 29, 15, 32, gauss, 0.1852
40, 5.5, 1, 34, 15, 32, gauss, 0.20055
40, 5.0, 1, 37, 15, 32, gauss, 0.1941
40, 2.5, 1, 29, 15, 32, gauss, 0.1849
40, 1.5, 1, 27, 15, 32, gauss, 0.1842
40, 5.0, 1, 24, 15, 32, gauss, 0.1991
40, 4.0, 1, 40, 15, 32, gauss, 0.18955
40, 6.0, 1, 31, 15, 32, gauss, 0.1936
40, 4.0, 1, 26, 15, 32, gauss, 0.1813
40, 1.0, 1, 24, 15, 32, gauss, 0.19545
40, 4.0, 1, 37, 15, 32, gauss, 0.1908
40, 2.5, 1, 32, 15, 32, gauss, 0.1947
40, 0.5, 1, 34, 15, 32, gauss, 0.1892
40, 5.0, 1, 36, 15, 32, gauss, 0.19335
40, 5.0, 1, 26, 15, 32, gauss, 0.19175
40, 2.5, 1, 33, 15, 32, gauss, 0.1823
40, 1.0, 1, 40, 15, 32, gauss, 0.1884
40, 6.0, 1, 34, 15, 32, gauss, 0.1945
40, 2.0, 1, 23, 15, 32, gauss, 0.1838
40, 2.5, 1, 35, 15, 32, gauss, 0.17335
40, 2.0, 1, 34, 15, 32, gauss, 0.189
40, 1.5, 1, 36, 15, 32, gauss, 0.18845
40, 6.5, 1, 23, 15, 32, gauss, 0.20165
40, 6.0, 1, 27, 15, 32, gauss, 0.1954
40, 4.5, 1, 33, 15, 32, gauss, 0.18875
40, 5.5, 1, 39, 15, 32, gauss, 0.1983
40, 5.0, 1, 33, 15, 32, gauss, 0.20165
40, 1.5, 1, 35, 15, 32, gauss, 0.18685
40, 4.0, 1, 20, 15, 32, gauss, 0.1811
40, 3.5, 1, 34, 15, 32, gauss, 0.18285
40, 0.0, 1, 26, 15, 32, gauss, 0.19105
40, 5.0, 1, 25, 15, 32, gauss, 0.197
40, 6.5, 1, 32, 15, 32, gauss, 0.2218
40, 2.5, 1, 37, 15, 32, gauss, 0.18645
40, 3.5, 1, 38, 15, 32, gauss, 0.18275
40, 6.5, 1, 25, 15, 32, gauss, 0.2021
40, 3.5, 1, 27, 15, 32, gauss, 0.1938
40, 3.0, 1, 39, 15, 32, gauss, 0.17805
40, 0.5, 1, 21, 15, 32, gauss, 0.20365
40, 5.5, 1, 40, 15, 32, gauss, 0.1995
40, 3.5, 1, 30, 15, 32, gauss, 0.1921
40, 0.0, 1, 30, 15, 32, gauss, 0.194
40, 2.0, 1, 29, 15, 32, gauss, 0.187
40, 4.5, 1, 22, 15, 32, gauss, 0.19065
40, 3.0, 1, 26, 15, 32, gauss, 0.18875
40, 4.5, 1, 20, 15, 32, gauss, 0.18245
40, 5.0, 1, 20, 15, 32, gauss, 0.1911
40, 2.0, 1, 35, 15, 32, gauss, 0.1871
40, 0.5, 1, 33, 15, 32, gauss, 0.1923
40, 0.0, 1, 27, 15, 32, gauss, 0.2022
40, 1.5, 1, 37, 15, 32, gauss, 0.18705
40, 5.5, 1, 38, 15, 32, gauss, 0.20025
40, 2.5, 1, 30, 15, 32, gauss, 0.18685
40, 3.5, 1, 25, 15, 32, gauss, 0.17445
40, 4.5, 1, 40, 15, 32, gauss, 0.1935
40, 4.0, 1, 21, 15, 32, gauss, 0.1807
40, 0.0, 1, 32, 15, 32, gauss, 0.1895
40, 2.0, 1, 37, 15, 32, gauss, 0.17885
40, 4.0, 1, 32, 15, 32, gauss, 0.19665
40, 2.5, 1, 20, 15, 32, gauss, 0.192
40, 1.5, 1, 39, 15, 32, gauss, 0.19015
40, 5.5, 1, 32, 15, 32, gauss, 0.1932
40, 5.5, 1, 29, 15, 32, gauss, 0.19335
40, 0.0, 1, 34, 15, 32, gauss, 0.18265
40, 0.0, 1, 31, 15, 32, gauss, 0.1947
40, 6.0, 1, 22, 15, 32, gauss, 0.1985
40, 6.5, 1, 36, 15, 32, gauss, 0.21975
40, 5.5, 1, 36, 15, 32, gauss, 0.19735
40, 0.5, 1, 35, 15, 32, gauss, 0.1929
40, 2.5, 1, 34, 15, 32, gauss, 0.1775
40, 0.5, 1, 39, 15, 32, gauss, 0.1838
40, 3.0, 1, 27, 15, 32, gauss, 0.184
40, 0.0, 1, 25, 15, 32, gauss, 0.192
40, 4.5, 1, 39, 15, 32, gauss, 0.18755
40, 4.5, 1, 34, 15, 32, gauss, 0.1882
40, 1.0, 1, 33, 15, 32, gauss, 0.1921
40, 4.0, 1, 35, 15, 32, gauss, 0.2001
40, 6.5, 1, 24, 15, 32, gauss, 0.20115
40, 1.0, 1, 28, 15, 32, gauss, 0.18015
40, 3.5, 1, 36, 15, 32, gauss, 0.18085
40, 2.0, 1, 27, 15, 32, gauss, 0.1796
40, 0.0, 1, 22, 15, 32, gauss, 0.1983
40, 6.5, 1, 34, 15, 32, gauss, 0.2215
40, 2.5, 1, 36, 15, 32, gauss, 0.18255
40, 1.0, 1, 32, 15, 32, gauss, 0.18285
40, 4.0, 1, 28, 15, 32, gauss, 0.17835
40, 1.0, 1, 30, 15, 32, gauss, 0.1916
40, 3.5, 1, 22, 15, 32, gauss, 0.1826
40, 4.0, 1, 24, 15, 32, gauss, 0.18535
40, 0.5, 1, 30, 15, 32, gauss, 0.18415
40, 6.0, 1, 29, 15, 32, gauss, 0.1941
40, 2.0, 1, 38, 15, 32, gauss, 0.18685
40, 5.0, 1, 34, 15, 32, gauss, 0.19715
40, 0.5, 1, 31, 15, 32, gauss, 0.18675
40, 4.0, 1, 39, 15, 32, gauss, 0.18875
40, 5.0, 1, 23, 15, 32, gauss, 0.198
40, 5.0, 1, 38, 15, 32, gauss, 0.1899
40, 2.0, 1, 31, 15, 32, gauss, 0.1891
40, 3.5, 1, 32, 15, 32, gauss, 0.18255
40, 4.5, 1, 23, 15, 32, gauss, 0.18525
40, 5.5, 1, 24, 15, 32, gauss, 0.1915
40, 1.0, 1, 21, 15, 32, gauss, 0.1909
40, 2.0, 1, 21, 15, 32, gauss, 0.18915
40, 3.5, 1, 28, 15, 32, gauss, 0.18345
40, 4.0, 1, 34, 15, 32, gauss, 0.1976
40, 0.0, 1, 37, 15, 32, gauss, 0.1908
40, 0.0, 1, 28, 15, 32, gauss, 0.18985
40, 4.5, 1, 24, 15, 32, gauss, 0.18335
40, 3.0, 1, 24, 15, 32, gauss, 0.1885
40, 5.0, 1, 29, 15, 32, gauss, 0.19185
40, 6.5, 1, 30, 15, 32, gauss, 0.21735
40, 2.5, 1, 28, 15, 32, gauss, 0.186
40, 0.5, 1, 29, 15, 32, gauss, 0.1838
40, 5.5, 1, 35, 15, 32, gauss, 0.19865
40, 3.0, 1, 35, 15, 32, gauss, 0.1864
40, 6.0, 1, 37, 15, 32, gauss, 0.1872
40, 5.0, 1, 27, 15, 32, gauss, 0.19435
40, 0.5, 1, 40, 15, 32, gauss, 0.18305
40, 4.0, 1, 25, 15, 32, gauss, 0.1824
40, 3.5, 1, 23, 15, 32, gauss, 0.18395
40, 1.0, 1, 22, 15, 32, gauss, 0.19935
40, 5.0, 1, 22, 15, 32, gauss, 0.19245
40, 0.5, 1, 36, 15, 32, gauss, 0.18685
40, 6.0, 1, 26, 15, 32, gauss, 0.19315
40, 3.0, 1, 28, 15, 32, gauss, 0.18365
40, 4.5, 1, 28, 15, 32, gauss, 0.20215
40, 0.5, 1, 22, 15, 32, gauss, 0.1827
40, 6.0, 1, 30, 15, 32, gauss, 0.20175
40, 6.5, 1, 21, 15, 32, gauss, 0.1949
40, 3.0, 1, 21, 15, 32, gauss, 0.1806
40, 1.5, 1, 25, 15, 32, gauss, 0.1778
40, 0.5, 1, 23, 15, 32, gauss, 0.1865
40, 6.5, 1, 29, 15, 32, gauss, 0.21295
40, 0.0, 1, 29, 15, 32, gauss, 0.194
40, 5.5, 1, 27, 15, 32, gauss, 0.2
40, 4.0, 1, 36, 15, 32, gauss, 0.1938
40, 4.5, 1, 25, 15, 32, gauss, 0.2009
40, 2.5, 1, 39, 15, 32, gauss, 0.19105
40, 3.5, 1, 40, 15, 32, gauss, 0.1949
40, 2.5, 1, 25, 15, 32, gauss, 0.1835
40, 1.5, 1, 23, 15, 32, gauss, 0.1785
40, 0.0, 1, 36, 15, 32, gauss, 0.18085
40, 5.5, 1, 33, 15, 32, gauss, 0.1984
40, 4.0, 1, 38, 15, 32, gauss, 0.1903
40, 4.0, 1, 23, 15, 32, gauss, 0.18765
40, 6.0, 1, 36, 15, 32, gauss, 0.18695
40, 3.5, 1, 26, 15, 32, gauss, 0.1896
40, 3.0, 1, 31, 15, 32, gauss, 0.18205
40, 6.5, 1, 22, 15, 32, gauss, 0.1904
40, 5.5, 1, 22, 15, 32, gauss, 0.19035
40, 5.0, 1, 30, 15, 32, gauss, 0.19025
40, 3.5, 1, 21, 15, 32, gauss, 0.19045
40, 4.5, 1, 30, 15, 32, gauss, 0.19465
40, 1.0, 1, 37, 15, 32, gauss, 0.18375
40, 4.5, 1, 29, 15, 32, gauss, 0.19685
40, 4.5, 1, 32, 15, 32, gauss, 0.19355
40, 4.5, 1, 38, 15, 32, gauss, 0.19575
40, 3.0, 1, 25, 15, 32, gauss, 0.1894
40, 0.0, 1, 23, 15, 32, gauss, 0.1919
40, 3.5, 1, 33, 15, 32, gauss, 0.18205
40, 3.5, 1, 37, 15, 32, gauss, 0.176
40, 6.0, 1, 21, 15, 32, gauss, 0.196
40, 1.5, 1, 28, 15, 32, gauss, 0.195
40, 0.0, 1, 24, 15, 32, gauss, 0.19165
40, 1.5, 1, 20, 15, 32, gauss, 0.1981
40, 1.5, 1, 21, 15, 32, gauss, 0.20045
40, 2.0, 1, 25, 15, 32, gauss, 0.19105
40, 2.0, 1, 40, 15, 32, gauss, 0.189
40, 1.0, 1, 38, 15, 32, gauss, 0.1803
40, 2.0, 1, 32, 15, 32, gauss, 0.1881
40, 1.5, 1, 29, 15, 32, gauss, 0.1875
40, 1.0, 1, 34, 15, 32, gauss, 0.1849
40, 5.5, 1, 23, 15, 32, gauss, 0.1917
40, 0.0, 1, 21, 15, 32, gauss, 0.20625
40, 3.0, 1, 37, 15, 32, gauss, 0.1764
40, 1.5, 1, 33, 15, 32, gauss, 0.17735
40, 6.0, 1, 32, 15, 32, gauss, 0.1992
40, 5.0, 1, 32, 15, 32, gauss, 0.2014
40, 3.0, 1, 33, 15, 32, gauss, 0.1854
40, 6.5, 1, 35, 15, 32, gauss, 0.21775
40, 6.0, 1, 40, 15, 32, gauss, 0.22695
40, 1.5, 1, 22, 15, 32, gauss, 0.1921
40, 1.0, 1, 25, 15, 32, gauss, 0.18805
40, 4.0, 1, 22, 15, 32, gauss, 0.18695
