L, w_bar, strength, sigma_sq, anyons, N, p_failure 
40, 1.5, 1, 2, 16, 32, gauss, 0.2215
40, 0.5, 1, 1, 16, 32, gauss, 0.2165
40, 7.5, 1, 7, 12, 32, gauss, 0.1385
40, 3.5, 1, 6, 8, 32, gauss, 0.04
40, 0.0, 1, 9, 8, 32, gauss, 0.038
40, 6.0, 1, 12, 8, 32, gauss, 0.0275
40, 5.5, 1, 8, 16, 32, gauss, 0.2345
40, 5.5, 1, 4, 8, 32, gauss, 0.042
40, 6.5, 1, 11, 8, 32, gauss, 0.032
40, 1.0, 1, 10, 16, 32, gauss, 0.244
40, 0.5, 1, 7, 16, 32, gauss, 0.243
40, 3.0, 1, 3, 12, 32, gauss, 0.126
40, 7.5, 1, 12, 16, 32, gauss, 0.257
40, 3.0, 1, 4, 16, 32, gauss, 0.244
40, 0.0, 1, 12, 12, 32, gauss, 0.1065
40, 6.0, 1, 8, 16, 32, gauss, 0.22
40, 5.5, 1, 5, 8, 32, gauss, 0.0365
40, 2.0, 1, 3, 16, 32, gauss, 0.2425
40, 7.0, 1, 9, 8, 32, gauss, 0.0405
40, 3.5, 1, 3, 16, 32, gauss, 0.2295
40, 5.0, 1, 8, 12, 32, gauss, 0.0975
40, 0.5, 1, 12, 8, 32, gauss, 0.039
40, 4.5, 1, 14, 8, 32, gauss, 0.034
40, 4.5, 1, 1, 8, 32, gauss, 0.042
40, 6.0, 1, 4, 12, 32, gauss, 0.1375
40, 3.0, 1, 2, 16, 32, gauss, 0.2395
40, 5.0, 1, 14, 8, 32, gauss, 0.0305
40, 1.5, 1, 10, 8, 32, gauss, 0.0395
40, 3.5, 1, 10, 12, 32, gauss, 0.1045
40, 4.5, 1, 1, 16, 32, gauss, 0.2325
40, 7.5, 1, 8, 8, 32, gauss, 0.0395
40, 1.0, 1, 12, 8, 32, gauss, 0.038
40, 1.5, 1, 2, 8, 32, gauss, 0.031
40, 5.0, 1, 7, 8, 32, gauss, 0.038
40, 1.5, 1, 8, 12, 32, gauss, 0.1145
40, 0.5, 1, 2, 16, 32, gauss, 0.242
40, 4.0, 1, 14, 12, 32, gauss, 0.105
40, 2.0, 1, 9, 12, 32, gauss, 0.126
40, 4.5, 1, 10, 12, 32, gauss, 0.116
40, 1.5, 1, 7, 16, 32, gauss, 0.2225
40, 1.0, 1, 5, 8, 32, gauss, 0.0315
40, 4.0, 1, 5, 8, 32, gauss, 0.038
40, 5.5, 1, 8, 12, 32, gauss, 0.123
40, 2.5, 1, 4, 8, 32, gauss, 0.0375
40, 5.5, 1, 7, 12, 32, gauss, 0.1125
40, 7.0, 1, 3, 16, 32, gauss, 0.242
40, 7.5, 1, 5, 12, 32, gauss, 0.154
40, 1.0, 1, 3, 16, 32, gauss, 0.2365
40, 2.0, 1, 4, 16, 32, gauss, 0.251
40, 5.5, 1, 12, 8, 32, gauss, 0.0325
40, 7.0, 1, 8, 16, 32, gauss, 0.2445
40, 7.5, 1, 10, 16, 32, gauss, 0.269
40, 1.0, 1, 9, 8, 32, gauss, 0.0425
40, 0.0, 1, 6, 12, 32, gauss, 0.126
40, 6.5, 1, 11, 12, 32, gauss, 0.116
40, 4.5, 1, 12, 12, 32, gauss, 0.1135
40, 0.0, 1, 4, 8, 32, gauss, 0.039
40, 6.5, 1, 12, 12, 32, gauss, 0.119
40, 0.0, 1, 1, 8, 32, gauss, 0.034
40, 4.5, 1, 3, 16, 32, gauss, 0.2175
40, 3.5, 1, 12, 16, 32, gauss, 0.222
40, 6.0, 1, 2, 16, 32, gauss, 0.2405
40, 6.5, 1, 14, 16, 32, gauss, 0.2585
40, 7.0, 1, 5, 12, 32, gauss, 0.134
40, 4.0, 1, 10, 8, 32, gauss, 0.0265
40, 6.0, 1, 8, 8, 32, gauss, 0.034
40, 2.5, 1, 12, 16, 32, gauss, 0.225
40, 3.5, 1, 1, 16, 32, gauss, 0.2405
40, 5.5, 1, 13, 12, 32, gauss, 0.1215
40, 1.0, 1, 1, 12, 32, gauss, 0.118
40, 1.0, 1, 14, 16, 32, gauss, 0.213
40, 6.0, 1, 5, 16, 32, gauss, 0.224
40, 0.0, 1, 7, 12, 32, gauss, 0.12
40, 2.0, 1, 14, 8, 32, gauss, 0.036
40, 0.0, 1, 5, 16, 32, gauss, 0.244
40, 1.5, 1, 10, 16, 32, gauss, 0.2225
40, 6.0, 1, 13, 12, 32, gauss, 0.1125
40, 5.0, 1, 11, 12, 32, gauss, 0.117
40, 3.0, 1, 8, 12, 32, gauss, 0.1165
40, 5.0, 1, 9, 16, 32, gauss, 0.2145
40, 1.5, 1, 1, 16, 32, gauss, 0.2225
40, 6.5, 1, 14, 12, 32, gauss, 0.13
40, 5.5, 1, 2, 16, 32, gauss, 0.207
40, 4.5, 1, 1, 12, 32, gauss, 0.1375
40, 3.5, 1, 13, 16, 32, gauss, 0.2135
40, 3.5, 1, 2, 8, 32, gauss, 0.0365
40, 4.0, 1, 2, 12, 32, gauss, 0.1165
40, 6.5, 1, 4, 8, 32, gauss, 0.0405
40, 4.5, 1, 9, 12, 32, gauss, 0.1145
40, 3.0, 1, 6, 16, 32, gauss, 0.2245
40, 1.5, 1, 4, 8, 32, gauss, 0.038
40, 2.5, 1, 2, 12, 32, gauss, 0.122
40, 2.5, 1, 6, 16, 32, gauss, 0.212
40, 1.5, 1, 9, 12, 32, gauss, 0.125
40, 5.5, 1, 11, 8, 32, gauss, 0.0325
40, 3.0, 1, 1, 8, 32, gauss, 0.037
40, 5.0, 1, 3, 8, 32, gauss, 0.041
40, 2.0, 1, 12, 12, 32, gauss, 0.1225
40, 3.0, 1, 12, 12, 32, gauss, 0.1215
40, 3.0, 1, 11, 16, 32, gauss, 0.2205
40, 0.5, 1, 12, 16, 32, gauss, 0.2175
40, 1.0, 1, 6, 8, 32, gauss, 0.044
40, 2.5, 1, 7, 8, 32, gauss, 0.034
40, 6.5, 1, 5, 12, 32, gauss, 0.122
40, 2.5, 1, 9, 16, 32, gauss, 0.2235
40, 1.5, 1, 11, 12, 32, gauss, 0.1095
40, 2.0, 1, 13, 16, 32, gauss, 0.2135
40, 7.5, 1, 14, 8, 32, gauss, 0.036
40, 0.5, 1, 14, 12, 32, gauss, 0.1155
40, 2.5, 1, 2, 8, 32, gauss, 0.0315
40, 2.5, 1, 4, 12, 32, gauss, 0.137
40, 5.5, 1, 4, 12, 32, gauss, 0.127
40, 7.5, 1, 2, 8, 32, gauss, 0.042
40, 3.5, 1, 8, 16, 32, gauss, 0.22
40, 7.0, 1, 13, 16, 32, gauss, 0.25
40, 1.0, 1, 13, 12, 32, gauss, 0.1105
40, 2.0, 1, 4, 8, 32, gauss, 0.0435
40, 2.0, 1, 10, 16, 32, gauss, 0.2325
40, 6.0, 1, 11, 16, 32, gauss, 0.2215
40, 7.0, 1, 10, 12, 32, gauss, 0.1295
40, 2.0, 1, 11, 8, 32, gauss, 0.0415
40, 6.0, 1, 1, 12, 32, gauss, 0.117
40, 2.5, 1, 5, 12, 32, gauss, 0.123
40, 5.0, 1, 7, 12, 32, gauss, 0.1105
40, 3.0, 1, 9, 8, 32, gauss, 0.0425
40, 4.5, 1, 13, 16, 32, gauss, 0.2225
40, 4.0, 1, 14, 8, 32, gauss, 0.0395
40, 7.0, 1, 8, 8, 32, gauss, 0.0305
40, 0.0, 1, 14, 12, 32, gauss, 0.1245
40, 2.0, 1, 7, 12, 32, gauss, 0.1225
40, 7.5, 1, 12, 8, 32, gauss, 0.042
40, 4.5, 1, 5, 8, 32, gauss, 0.03
40, 1.5, 1, 4, 16, 32, gauss, 0.234
40, 6.0, 1, 1, 16, 32, gauss, 0.2445
40, 2.5, 1, 7, 16, 32, gauss, 0.2265
40, 5.0, 1, 2, 12, 32, gauss, 0.1295
40, 3.5, 1, 9, 16, 32, gauss, 0.217
40, 3.0, 1, 13, 12, 32, gauss, 0.103
40, 5.5, 1, 10, 8, 32, gauss, 0.0275
40, 1.0, 1, 7, 16, 32, gauss, 0.254
40, 6.5, 1, 12, 8, 32, gauss, 0.0225
40, 7.0, 1, 2, 8, 32, gauss, 0.04
40, 4.5, 1, 2, 8, 32, gauss, 0.032
40, 0.0, 1, 3, 8, 32, gauss, 0.0385
40, 0.0, 1, 4, 12, 32, gauss, 0.1215
40, 4.5, 1, 11, 16, 32, gauss, 0.2245
40, 6.0, 1, 7, 8, 32, gauss, 0.039
40, 0.5, 1, 4, 16, 32, gauss, 0.24
40, 4.5, 1, 2, 16, 32, gauss, 0.231
40, 3.0, 1, 4, 8, 32, gauss, 0.0335
40, 2.5, 1, 11, 8, 32, gauss, 0.037
40, 3.0, 1, 1, 16, 32, gauss, 0.231
40, 6.5, 1, 9, 8, 32, gauss, 0.0325
40, 2.5, 1, 1, 12, 32, gauss, 0.131
40, 6.0, 1, 10, 12, 32, gauss, 0.1205
40, 3.5, 1, 11, 16, 32, gauss, 0.2085
40, 3.5, 1, 10, 16, 32, gauss, 0.21
40, 5.5, 1, 5, 16, 32, gauss, 0.216
40, 7.5, 1, 5, 16, 32, gauss, 0.2655
40, 3.0, 1, 5, 8, 32, gauss, 0.0285
40, 6.0, 1, 9, 12, 32, gauss, 0.1295
40, 7.0, 1, 14, 16, 32, gauss, 0.241
40, 3.5, 1, 1, 12, 32, gauss, 0.1215
40, 1.0, 1, 4, 8, 32, gauss, 0.037
40, 3.5, 1, 12, 8, 32, gauss, 0.038
40, 3.5, 1, 3, 12, 32, gauss, 0.1265
40, 3.0, 1, 11, 12, 32, gauss, 0.1115
40, 5.5, 1, 1, 8, 32, gauss, 0.0455
40, 3.5, 1, 11, 8, 32, gauss, 0.0415
40, 4.5, 1, 4, 12, 32, gauss, 0.121
40, 5.5, 1, 8, 8, 32, gauss, 0.0325
40, 6.0, 1, 2, 8, 32, gauss, 0.045
40, 1.5, 1, 12, 8, 32, gauss, 0.0385
40, 6.5, 1, 8, 8, 32, gauss, 0.0455
40, 2.0, 1, 2, 16, 32, gauss, 0.237
40, 7.0, 1, 10, 8, 32, gauss, 0.0415
40, 4.0, 1, 3, 8, 32, gauss, 0.032
40, 7.0, 1, 9, 16, 32, gauss, 0.236
40, 6.0, 1, 12, 12, 32, gauss, 0.125
40, 3.0, 1, 7, 12, 32, gauss, 0.124
40, 7.5, 1, 13, 8, 32, gauss, 0.053
40, 0.5, 1, 2, 12, 32, gauss, 0.121
40, 7.5, 1, 7, 16, 32, gauss, 0.2415
40, 7.0, 1, 3, 8, 32, gauss, 0.039
40, 0.0, 1, 13, 12, 32, gauss, 0.121
40, 3.0, 1, 3, 16, 32, gauss, 0.2335
40, 0.5, 1, 5, 8, 32, gauss, 0.039
40, 1.0, 1, 8, 12, 32, gauss, 0.1185
40, 2.0, 1, 10, 12, 32, gauss, 0.129
40, 4.0, 1, 7, 12, 32, gauss, 0.113
40, 5.0, 1, 6, 8, 32, gauss, 0.034
40, 1.5, 1, 12, 12, 32, gauss, 0.113
40, 0.0, 1, 5, 12, 32, gauss, 0.1325
40, 5.5, 1, 11, 16, 32, gauss, 0.2315
40, 0.0, 1, 9, 12, 32, gauss, 0.1225
40, 7.5, 1, 3, 8, 32, gauss, 0.045
40, 4.5, 1, 3, 12, 32, gauss, 0.1205
40, 1.5, 1, 5, 8, 32, gauss, 0.048
40, 3.5, 1, 9, 8, 32, gauss, 0.033
40, 2.5, 1, 2, 16, 32, gauss, 0.2355
40, 7.5, 1, 13, 16, 32, gauss, 0.262
40, 5.0, 1, 13, 16, 32, gauss, 0.2355
40, 2.0, 1, 6, 12, 32, gauss, 0.139
40, 6.5, 1, 11, 16, 32, gauss, 0.235
40, 6.5, 1, 9, 12, 32, gauss, 0.125
40, 2.0, 1, 13, 12, 32, gauss, 0.1135
40, 1.5, 1, 14, 8, 32, gauss, 0.048
40, 2.5, 1, 14, 16, 32, gauss, 0.2215
40, 4.0, 1, 11, 8, 32, gauss, 0.0385
40, 6.0, 1, 9, 8, 32, gauss, 0.036
40, 7.5, 1, 12, 12, 32, gauss, 0.1335
40, 7.0, 1, 11, 8, 32, gauss, 0.034
40, 5.0, 1, 12, 16, 32, gauss, 0.2015
40, 0.5, 1, 10, 12, 32, gauss, 0.127
40, 7.0, 1, 10, 16, 32, gauss, 0.259
40, 4.5, 1, 11, 12, 32, gauss, 0.1105
40, 5.5, 1, 12, 16, 32, gauss, 0.2275
40, 3.0, 1, 13, 8, 32, gauss, 0.036
40, 4.0, 1, 11, 16, 32, gauss, 0.2175
40, 4.0, 1, 8, 16, 32, gauss, 0.2195
40, 0.0, 1, 6, 16, 32, gauss, 0.246
40, 6.5, 1, 2, 16, 32, gauss, 0.2275
40, 1.0, 1, 9, 12, 32, gauss, 0.126
40, 0.5, 1, 7, 12, 32, gauss, 0.116
40, 6.0, 1, 13, 8, 32, gauss, 0.0295
40, 4.0, 1, 10, 16, 32, gauss, 0.2195
40, 2.5, 1, 6, 8, 32, gauss, 0.0345
40, 7.5, 1, 4, 8, 32, gauss, 0.0485
40, 6.0, 1, 6, 8, 32, gauss, 0.0405
40, 6.5, 1, 3, 8, 32, gauss, 0.041
40, 7.0, 1, 4, 16, 32, gauss, 0.23
40, 4.5, 1, 12, 16, 32, gauss, 0.216
40, 7.5, 1, 9, 12, 32, gauss, 0.1185
40, 1.0, 1, 13, 8, 32, gauss, 0.039
40, 4.0, 1, 7, 8, 32, gauss, 0.0405
40, 1.5, 1, 5, 16, 32, gauss, 0.237
40, 5.0, 1, 6, 12, 32, gauss, 0.1365
40, 5.0, 1, 11, 16, 32, gauss, 0.2005
40, 3.0, 1, 14, 16, 32, gauss, 0.2085
40, 1.5, 1, 11, 8, 32, gauss, 0.0315
40, 4.0, 1, 10, 12, 32, gauss, 0.1205
40, 4.0, 1, 6, 8, 32, gauss, 0.047
40, 3.0, 1, 5, 16, 32, gauss, 0.233
40, 4.5, 1, 4, 8, 32, gauss, 0.039
40, 7.5, 1, 9, 8, 32, gauss, 0.042
40, 2.5, 1, 4, 16, 32, gauss, 0.2375
40, 1.0, 1, 1, 16, 32, gauss, 0.231
40, 7.5, 1, 6, 16, 32, gauss, 0.266
40, 3.0, 1, 7, 16, 32, gauss, 0.2095
40, 3.5, 1, 1, 8, 32, gauss, 0.0435
40, 0.5, 1, 4, 12, 32, gauss, 0.133
40, 0.0, 1, 11, 8, 32, gauss, 0.053
40, 4.5, 1, 7, 12, 32, gauss, 0.117
40, 5.5, 1, 5, 12, 32, gauss, 0.0965
40, 5.0, 1, 2, 8, 32, gauss, 0.035
40, 4.5, 1, 13, 8, 32, gauss, 0.038
40, 7.0, 1, 13, 12, 32, gauss, 0.133
40, 4.0, 1, 5, 16, 32, gauss, 0.233
40, 3.5, 1, 7, 12, 32, gauss, 0.1225
40, 6.5, 1, 9, 16, 32, gauss, 0.212
40, 4.5, 1, 7, 16, 32, gauss, 0.232
40, 7.5, 1, 10, 8, 32, gauss, 0.0445
40, 5.5, 1, 1, 12, 32, gauss, 0.1125
40, 2.0, 1, 7, 16, 32, gauss, 0.24
40, 5.5, 1, 7, 16, 32, gauss, 0.225
40, 1.5, 1, 14, 12, 32, gauss, 0.127
40, 6.5, 1, 3, 12, 32, gauss, 0.128
40, 0.0, 1, 11, 16, 32, gauss, 0.2415
40, 2.0, 1, 6, 16, 32, gauss, 0.2245
40, 7.0, 1, 1, 12, 32, gauss, 0.144
40, 6.5, 1, 6, 8, 32, gauss, 0.0365
40, 2.0, 1, 1, 8, 32, gauss, 0.0365
40, 4.0, 1, 1, 12, 32, gauss, 0.1275
40, 5.5, 1, 4, 16, 32, gauss, 0.225
40, 6.0, 1, 5, 8, 32, gauss, 0.0375
40, 1.0, 1, 6, 12, 32, gauss, 0.1365
40, 4.5, 1, 5, 12, 32, gauss, 0.125
40, 4.5, 1, 10, 8, 32, gauss, 0.043
40, 5.5, 1, 14, 12, 32, gauss, 0.1085
40, 5.5, 1, 9, 12, 32, gauss, 0.116
40, 2.0, 1, 9, 16, 32, gauss, 0.215
40, 5.0, 1, 1, 12, 32, gauss, 0.127
40, 2.0, 1, 3, 8, 32, gauss, 0.036
40, 0.5, 1, 11, 16, 32, gauss, 0.2305
40, 4.0, 1, 12, 16, 32, gauss, 0.2245
40, 7.5, 1, 9, 16, 32, gauss, 0.247
40, 2.0, 1, 8, 16, 32, gauss, 0.23
40, 1.0, 1, 7, 12, 32, gauss, 0.103
40, 7.5, 1, 13, 12, 32, gauss, 0.132
40, 3.5, 1, 14, 12, 32, gauss, 0.1235
40, 3.5, 1, 14, 16, 32, gauss, 0.227
40, 6.5, 1, 10, 8, 32, gauss, 0.0395
40, 3.0, 1, 3, 8, 32, gauss, 0.0385
40, 4.5, 1, 6, 12, 32, gauss, 0.125
40, 7.0, 1, 6, 12, 32, gauss, 0.1285
40, 0.5, 1, 2, 8, 32, gauss, 0.0355
40, 3.5, 1, 6, 16, 32, gauss, 0.214
40, 1.5, 1, 3, 8, 32, gauss, 0.0345
40, 1.5, 1, 4, 12, 32, gauss, 0.142
40, 5.0, 1, 6, 16, 32, gauss, 0.233
40, 2.0, 1, 11, 12, 32, gauss, 0.128
40, 0.0, 1, 2, 16, 32, gauss, 0.237
40, 3.5, 1, 10, 8, 32, gauss, 0.039
40, 4.0, 1, 13, 16, 32, gauss, 0.202
40, 6.0, 1, 7, 16, 32, gauss, 0.2235
40, 5.5, 1, 3, 8, 32, gauss, 0.045
40, 4.0, 1, 4, 12, 32, gauss, 0.1215
40, 4.5, 1, 8, 16, 32, gauss, 0.2085
40, 5.5, 1, 13, 16, 32, gauss, 0.207
40, 3.0, 1, 14, 8, 32, gauss, 0.032
40, 1.0, 1, 5, 16, 32, gauss, 0.235
40, 6.5, 1, 12, 16, 32, gauss, 0.2165
40, 0.5, 1, 5, 12, 32, gauss, 0.1305
40, 0.0, 1, 6, 8, 32, gauss, 0.0385
40, 3.5, 1, 5, 8, 32, gauss, 0.037
40, 7.0, 1, 6, 16, 32, gauss, 0.2405
40, 0.0, 1, 14, 8, 32, gauss, 0.0435
40, 0.5, 1, 8, 8, 32, gauss, 0.041
40, 6.5, 1, 13, 12, 32, gauss, 0.1175
40, 3.0, 1, 10, 8, 32, gauss, 0.0375
40, 1.0, 1, 11, 16, 32, gauss, 0.2545
40, 4.0, 1, 14, 16, 32, gauss, 0.203
40, 7.0, 1, 11, 12, 32, gauss, 0.134
40, 0.0, 1, 8, 8, 32, gauss, 0.0345
40, 2.0, 1, 12, 16, 32, gauss, 0.226
40, 5.0, 1, 11, 8, 32, gauss, 0.035
40, 3.5, 1, 13, 12, 32, gauss, 0.1185
40, 7.0, 1, 14, 12, 32, gauss, 0.13
40, 4.0, 1, 8, 8, 32, gauss, 0.0415
40, 6.5, 1, 5, 16, 32, gauss, 0.2445
40, 0.0, 1, 8, 16, 32, gauss, 0.246
40, 5.5, 1, 1, 16, 32, gauss, 0.2305
40, 6.0, 1, 5, 12, 32, gauss, 0.114
40, 4.5, 1, 6, 8, 32, gauss, 0.0365
40, 1.0, 1, 3, 12, 32, gauss, 0.135
40, 5.5, 1, 9, 8, 32, gauss, 0.03
40, 5.5, 1, 2, 8, 32, gauss, 0.0385
40, 3.0, 1, 12, 8, 32, gauss, 0.0385
40, 3.0, 1, 6, 12, 32, gauss, 0.137
40, 2.0, 1, 3, 12, 32, gauss, 0.1255
40, 4.0, 1, 11, 12, 32, gauss, 0.118
40, 5.0, 1, 13, 8, 32, gauss, 0.037
40, 0.0, 1, 12, 16, 32, gauss, 0.245
40, 6.0, 1, 1, 8, 32, gauss, 0.041
40, 2.5, 1, 11, 16, 32, gauss, 0.2245
40, 7.5, 1, 5, 8, 32, gauss, 0.0385
40, 2.5, 1, 10, 8, 32, gauss, 0.0375
40, 5.5, 1, 10, 12, 32, gauss, 0.117
40, 2.5, 1, 8, 16, 32, gauss, 0.241
40, 7.5, 1, 3, 16, 32, gauss, 0.278
40, 2.0, 1, 7, 8, 32, gauss, 0.0305
40, 0.0, 1, 3, 12, 32, gauss, 0.1155
40, 2.5, 1, 9, 8, 32, gauss, 0.0415
40, 3.5, 1, 5, 16, 32, gauss, 0.2165
40, 0.5, 1, 6, 12, 32, gauss, 0.1175
40, 2.5, 1, 8, 12, 32, gauss, 0.1295
40, 4.5, 1, 9, 8, 32, gauss, 0.037
40, 6.5, 1, 6, 16, 32, gauss, 0.224
40, 2.5, 1, 10, 16, 32, gauss, 0.2325
40, 1.5, 1, 10, 12, 32, gauss, 0.1265
40, 3.0, 1, 8, 16, 32, gauss, 0.2405
40, 5.0, 1, 5, 12, 32, gauss, 0.1165
40, 5.0, 1, 10, 16, 32, gauss, 0.2325
40, 0.5, 1, 12, 12, 32, gauss, 0.129
40, 2.0, 1, 14, 12, 32, gauss, 0.1195
40, 5.0, 1, 2, 16, 32, gauss, 0.2405
40, 4.0, 1, 9, 16, 32, gauss, 0.2205
40, 0.0, 1, 10, 12, 32, gauss, 0.1245
40, 4.5, 1, 8, 12, 32, gauss, 0.115
40, 5.0, 1, 8, 16, 32, gauss, 0.231
40, 4.0, 1, 1, 16, 32, gauss, 0.2445
40, 7.0, 1, 12, 12, 32, gauss, 0.141
40, 0.5, 1, 14, 16, 32, gauss, 0.23
40, 7.5, 1, 2, 16, 32, gauss, 0.2815
40, 4.5, 1, 12, 8, 32, gauss, 0.0385
40, 5.0, 1, 4, 16, 32, gauss, 0.229
40, 2.0, 1, 8, 8, 32, gauss, 0.043
40, 7.0, 1, 12, 8, 32, gauss, 0.0415
40, 7.0, 1, 2, 16, 32, gauss, 0.2315
40, 0.0, 1, 11, 12, 32, gauss, 0.1355
40, 7.5, 1, 8, 16, 32, gauss, 0.2715
40, 2.0, 1, 6, 8, 32, gauss, 0.0395
40, 4.0, 1, 3, 16, 32, gauss, 0.2365
40, 1.5, 1, 3, 12, 32, gauss, 0.1175
40, 7.0, 1, 5, 8, 32, gauss, 0.039
40, 4.5, 1, 5, 16, 32, gauss, 0.231
40, 1.5, 1, 6, 12, 32, gauss, 0.122
40, 6.5, 1, 1, 12, 32, gauss, 0.137
40, 6.0, 1, 8, 12, 32, gauss, 0.123
40, 7.0, 1, 8, 12, 32, gauss, 0.12
40, 0.5, 1, 9, 8, 32, gauss, 0.0385
40, 4.5, 1, 11, 8, 32, gauss, 0.036
40, 5.5, 1, 6, 8, 32, gauss, 0.0365
40, 5.0, 1, 4, 8, 32, gauss, 0.0375
40, 3.0, 1, 7, 8, 32, gauss, 0.0445
40, 1.0, 1, 12, 12, 32, gauss, 0.11
40, 6.5, 1, 1, 8, 32, gauss, 0.041
40, 0.5, 1, 9, 12, 32, gauss, 0.1035
40, 0.5, 1, 11, 12, 32, gauss, 0.115
40, 1.0, 1, 2, 8, 32, gauss, 0.0415
40, 1.0, 1, 10, 8, 32, gauss, 0.0475
40, 6.5, 1, 3, 16, 32, gauss, 0.2415
40, 5.0, 1, 5, 8, 32, gauss, 0.0405
40, 0.5, 1, 3, 8, 32, gauss, 0.0345
40, 1.0, 1, 3, 8, 32, gauss, 0.04
40, 3.5, 1, 7, 8, 32, gauss, 0.0335
40, 4.5, 1, 2, 12, 32, gauss, 0.119
40, 5.5, 1, 3, 12, 32, gauss, 0.1335
40, 1.5, 1, 12, 16, 32, gauss, 0.22
40, 1.0, 1, 9, 16, 32, gauss, 0.2225
40, 6.5, 1, 7, 16, 32, gauss, 0.2225
40, 7.5, 1, 1, 16, 32, gauss, 0.255
40, 3.5, 1, 2, 16, 32, gauss, 0.241
40, 0.5, 1, 1, 12, 32, gauss, 0.1325
40, 0.0, 1, 14, 16, 32, gauss, 0.25
40, 6.5, 1, 13, 16, 32, gauss, 0.2275
40, 6.5, 1, 2, 8, 32, gauss, 0.044
40, 0.0, 1, 10, 16, 32, gauss, 0.2415
40, 7.5, 1, 1, 8, 32, gauss, 0.0445
40, 0.5, 1, 7, 8, 32, gauss, 0.033
40, 3.5, 1, 4, 8, 32, gauss, 0.042
40, 2.5, 1, 9, 12, 32, gauss, 0.133
40, 0.5, 1, 6, 8, 32, gauss, 0.038
40, 5.5, 1, 12, 12, 32, gauss, 0.118
40, 5.5, 1, 2, 12, 32, gauss, 0.115
40, 3.0, 1, 12, 16, 32, gauss, 0.214
40, 5.0, 1, 12, 8, 32, gauss, 0.037
40, 0.0, 1, 3, 16, 32, gauss, 0.237
40, 4.0, 1, 12, 8, 32, gauss, 0.043
40, 1.0, 1, 8, 16, 32, gauss, 0.2335
40, 2.0, 1, 11, 16, 32, gauss, 0.2075
40, 2.5, 1, 14, 8, 32, gauss, 0.035
40, 0.5, 1, 3, 12, 32, gauss, 0.1295
40, 0.5, 1, 9, 16, 32, gauss, 0.226
40, 7.0, 1, 9, 12, 32, gauss, 0.122
40, 1.5, 1, 13, 8, 32, gauss, 0.044
40, 2.5, 1, 14, 12, 32, gauss, 0.118
40, 1.5, 1, 2, 12, 32, gauss, 0.1205
40, 4.5, 1, 4, 16, 32, gauss, 0.239
40, 4.5, 1, 7, 8, 32, gauss, 0.037
40, 7.5, 1, 6, 8, 32, gauss, 0.044
40, 0.0, 1, 4, 16, 32, gauss, 0.241
40, 7.5, 1, 4, 12, 32, gauss, 0.1325
40, 6.0, 1, 14, 8, 32, gauss, 0.037
40, 5.5, 1, 13, 8, 32, gauss, 0.0365
40, 2.5, 1, 11, 12, 32, gauss, 0.115
40, 3.5, 1, 8, 12, 32, gauss, 0.1135
40, 3.5, 1, 11, 12, 32, gauss, 0.1175
40, 5.5, 1, 7, 8, 32, gauss, 0.0345
40, 5.5, 1, 14, 16, 32, gauss, 0.2285
40, 3.0, 1, 1, 12, 32, gauss, 0.127
40, 7.0, 1, 5, 16, 32, gauss, 0.2625
40, 5.5, 1, 6, 16, 32, gauss, 0.209
40, 2.0, 1, 12, 8, 32, gauss, 0.043
40, 5.0, 1, 10, 8, 32, gauss, 0.027
40, 4.0, 1, 7, 16, 32, gauss, 0.224
40, 6.5, 1, 4, 12, 32, gauss, 0.1145
40, 2.0, 1, 1, 16, 32, gauss, 0.2355
40, 2.0, 1, 14, 16, 32, gauss, 0.233
40, 0.5, 1, 5, 16, 32, gauss, 0.237
40, 7.5, 1, 6, 12, 32, gauss, 0.1265
40, 3.5, 1, 13, 8, 32, gauss, 0.041
40, 7.0, 1, 1, 8, 32, gauss, 0.043
40, 0.0, 1, 2, 8, 32, gauss, 0.0365
40, 5.0, 1, 10, 12, 32, gauss, 0.122
40, 6.5, 1, 5, 8, 32, gauss, 0.0345
40, 3.5, 1, 6, 12, 32, gauss, 0.125
40, 5.5, 1, 11, 12, 32, gauss, 0.1155
40, 3.0, 1, 2, 8, 32, gauss, 0.042
40, 6.0, 1, 6, 12, 32, gauss, 0.117
40, 5.5, 1, 9, 16, 32, gauss, 0.2215
40, 5.0, 1, 14, 16, 32, gauss, 0.2225
40, 6.0, 1, 11, 12, 32, gauss, 0.101
40, 7.5, 1, 2, 12, 32, gauss, 0.143
40, 6.5, 1, 6, 12, 32, gauss, 0.1145
40, 7.5, 1, 14, 12, 32, gauss, 0.1545
40, 7.0, 1, 7, 12, 32, gauss, 0.1205
40, 0.0, 1, 13, 16, 32, gauss, 0.2265
40, 4.0, 1, 12, 12, 32, gauss, 0.098
40, 1.5, 1, 5, 12, 32, gauss, 0.124
40, 1.0, 1, 7, 8, 32, gauss, 0.043
40, 2.5, 1, 8, 8, 32, gauss, 0.037
40, 7.0, 1, 6, 8, 32, gauss, 0.0375
40, 5.5, 1, 14, 8, 32, gauss, 0.0335
40, 5.0, 1, 9, 12, 32, gauss, 0.1145
40, 4.0, 1, 9, 8, 32, gauss, 0.0415
40, 5.0, 1, 12, 12, 32, gauss, 0.1005
40, 3.5, 1, 8, 8, 32, gauss, 0.0345
40, 6.5, 1, 4, 16, 32, gauss, 0.237
40, 6.5, 1, 13, 8, 32, gauss, 0.04
40, 3.5, 1, 3, 8, 32, gauss, 0.041
40, 0.0, 1, 7, 16, 32, gauss, 0.2425
40, 4.0, 1, 5, 12, 32, gauss, 0.118
40, 4.5, 1, 13, 12, 32, gauss, 0.099
40, 4.0, 1, 4, 8, 32, gauss, 0.0365
40, 5.0, 1, 8, 8, 32, gauss, 0.0235
40, 2.5, 1, 5, 16, 32, gauss, 0.227
40, 3.0, 1, 9, 16, 32, gauss, 0.24
40, 1.0, 1, 12, 16, 32, gauss, 0.2145
40, 0.0, 1, 8, 12, 32, gauss, 0.1385
40, 0.0, 1, 10, 8, 32, gauss, 0.0355
40, 1.0, 1, 5, 12, 32, gauss, 0.1365
40, 5.0, 1, 1, 8, 32, gauss, 0.041
40, 1.5, 1, 13, 16, 32, gauss, 0.2255
40, 3.5, 1, 9, 12, 32, gauss, 0.116
40, 2.0, 1, 5, 12, 32, gauss, 0.1445
40, 4.0, 1, 2, 8, 32, gauss, 0.037
40, 2.5, 1, 6, 12, 32, gauss, 0.1305
40, 0.0, 1, 5, 8, 32, gauss, 0.0385
40, 5.0, 1, 7, 16, 32, gauss, 0.1995
40, 2.5, 1, 12, 8, 32, gauss, 0.0355
40, 3.0, 1, 2, 12, 32, gauss, 0.126
40, 1.0, 1, 13, 16, 32, gauss, 0.2175
40, 1.0, 1, 2, 16, 32, gauss, 0.2395
40, 2.0, 1, 5, 16, 32, gauss, 0.249
40, 4.0, 1, 6, 12, 32, gauss, 0.1205
40, 3.5, 1, 2, 12, 32, gauss, 0.123
40, 2.5, 1, 10, 12, 32, gauss, 0.127
40, 2.5, 1, 1, 16, 32, gauss, 0.2235
40, 0.0, 1, 9, 16, 32, gauss, 0.2415
40, 0.5, 1, 8, 12, 32, gauss, 0.127
40, 3.0, 1, 6, 8, 32, gauss, 0.0365
40, 7.0, 1, 14, 8, 32, gauss, 0.048
40, 2.5, 1, 5, 8, 32, gauss, 0.039
40, 5.0, 1, 13, 12, 32, gauss, 0.0985
40, 6.5, 1, 7, 8, 32, gauss, 0.038
40, 4.5, 1, 10, 16, 32, gauss, 0.2205
40, 2.0, 1, 9, 8, 32, gauss, 0.0355
40, 3.0, 1, 8, 8, 32, gauss, 0.0395
40, 1.0, 1, 11, 12, 32, gauss, 0.124
40, 1.5, 1, 14, 16, 32, gauss, 0.2355
40, 0.5, 1, 10, 16, 32, gauss, 0.2295
40, 6.5, 1, 8, 16, 32, gauss, 0.2205
40, 5.0, 1, 9, 8, 32, gauss, 0.037
40, 2.5, 1, 1, 8, 32, gauss, 0.029
40, 6.0, 1, 10, 8, 32, gauss, 0.0245
40, 3.0, 1, 10, 16, 32, gauss, 0.2475
40, 5.5, 1, 6, 12, 32, gauss, 0.1205
40, 0.5, 1, 10, 8, 32, gauss, 0.0355
40, 7.0, 1, 1, 16, 32, gauss, 0.2315
40, 0.5, 1, 8, 16, 32, gauss, 0.246
40, 6.0, 1, 4, 8, 32, gauss, 0.0355
40, 7.0, 1, 7, 8, 32, gauss, 0.036
40, 7.5, 1, 8, 12, 32, gauss, 0.1365
40, 5.0, 1, 5, 16, 32, gauss, 0.2395
40, 4.5, 1, 9, 16, 32, gauss, 0.212
40, 3.0, 1, 10, 12, 32, gauss, 0.118
40, 1.5, 1, 1, 8, 32, gauss, 0.0325
40, 4.0, 1, 8, 12, 32, gauss, 0.122
40, 7.0, 1, 4, 8, 32, gauss, 0.0345
40, 2.0, 1, 1, 12, 32, gauss, 0.112
40, 6.5, 1, 10, 12, 32, gauss, 0.1115
40, 4.5, 1, 14, 16, 32, gauss, 0.214
40, 0.0, 1, 1, 12, 32, gauss, 0.1195
40, 1.5, 1, 9, 8, 32, gauss, 0.0445
40, 1.5, 1, 9, 16, 32, gauss, 0.2355
40, 2.5, 1, 12, 12, 32, gauss, 0.121
40, 5.5, 1, 10, 16, 32, gauss, 0.1995
40, 2.0, 1, 5, 8, 32, gauss, 0.035
40, 3.0, 1, 13, 16, 32, gauss, 0.1955
40, 4.0, 1, 3, 12, 32, gauss, 0.1295
40, 2.0, 1, 8, 12, 32, gauss, 0.131
40, 6.0, 1, 3, 16, 32, gauss, 0.2225
40, 6.5, 1, 1, 16, 32, gauss, 0.231
40, 1.5, 1, 6, 16, 32, gauss, 0.2185
40, 3.5, 1, 12, 12, 32, gauss, 0.104
40, 2.5, 1, 13, 12, 32, gauss, 0.1135
40, 1.5, 1, 7, 12, 32, gauss, 0.1155
40, 6.5, 1, 7, 12, 32, gauss, 0.1035
40, 6.0, 1, 4, 16, 32, gauss, 0.2295
40, 1.5, 1, 8, 16, 32, gauss, 0.2495
40, 6.5, 1, 10, 16, 32, gauss, 0.225
40, 1.0, 1, 6, 16, 32, gauss, 0.233
40, 4.5, 1, 8, 8, 32, gauss, 0.035
40, 2.0, 1, 4, 12, 32, gauss, 0.1395
40, 1.5, 1, 1, 12, 32, gauss, 0.1325
40, 0.5, 1, 13, 16, 32, gauss, 0.246
40, 1.5, 1, 6, 8, 32, gauss, 0.038
40, 0.5, 1, 3, 16, 32, gauss, 0.2405
40, 6.0, 1, 13, 16, 32, gauss, 0.218
40, 6.5, 1, 2, 12, 32, gauss, 0.121
40, 6.0, 1, 14, 16, 32, gauss, 0.2245
40, 1.5, 1, 3, 16, 32, gauss, 0.2335
40, 7.0, 1, 12, 16, 32, gauss, 0.253
40, 7.5, 1, 7, 8, 32, gauss, 0.0445
40, 7.5, 1, 3, 12, 32, gauss, 0.136
40, 6.0, 1, 12, 16, 32, gauss, 0.219
40, 5.0, 1, 3, 12, 32, gauss, 0.132
40, 4.0, 1, 13, 8, 32, gauss, 0.0265
40, 4.0, 1, 2, 16, 32, gauss, 0.231
40, 0.5, 1, 13, 8, 32, gauss, 0.0345
40, 7.0, 1, 13, 8, 32, gauss, 0.0355
40, 2.0, 1, 13, 8, 32, gauss, 0.0335
40, 0.0, 1, 1, 16, 32, gauss, 0.234
40, 6.0, 1, 3, 12, 32, gauss, 0.1265
40, 7.5, 1, 1, 12, 32, gauss, 0.144
40, 0.5, 1, 13, 12, 32, gauss, 0.1225
40, 0.5, 1, 14, 8, 32, gauss, 0.0285
40, 2.5, 1, 13, 8, 32, gauss, 0.0355
40, 5.0, 1, 14, 12, 32, gauss, 0.1195
40, 0.0, 1, 7, 8, 32, gauss, 0.0445
40, 7.0, 1, 4, 12, 32, gauss, 0.11
40, 2.5, 1, 7, 12, 32, gauss, 0.1255
40, 5.0, 1, 3, 16, 32, gauss, 0.2345
40, 3.5, 1, 7, 16, 32, gauss, 0.2275
40, 2.5, 1, 3, 12, 32, gauss, 0.127
40, 4.0, 1, 4, 16, 32, gauss, 0.2355
40, 5.0, 1, 1, 16, 32, gauss, 0.2215
40, 0.5, 1, 6, 16, 32, gauss, 0.242
40, 3.5, 1, 4, 16, 32, gauss, 0.231
40, 7.0, 1, 7, 16, 32, gauss, 0.2295
40, 1.0, 1, 1, 8, 32, gauss, 0.0445
40, 0.0, 1, 2, 12, 32, gauss, 0.105
40, 2.0, 1, 2, 8, 32, gauss, 0.029
40, 5.0, 1, 4, 12, 32, gauss, 0.1225
40, 2.5, 1, 13, 16, 32, gauss, 0.218
40, 4.0, 1, 13, 12, 32, gauss, 0.114
40, 7.5, 1, 11, 16, 32, gauss, 0.2725
40, 4.5, 1, 14, 12, 32, gauss, 0.098
40, 7.5, 1, 11, 8, 32, gauss, 0.0435
40, 1.0, 1, 2, 12, 32, gauss, 0.115
40, 0.5, 1, 11, 8, 32, gauss, 0.0415
40, 1.5, 1, 13, 12, 32, gauss, 0.121
40, 6.5, 1, 8, 12, 32, gauss, 0.1265
40, 1.5, 1, 11, 16, 32, gauss, 0.208
40, 2.5, 1, 3, 8, 32, gauss, 0.04
40, 3.5, 1, 4, 12, 32, gauss, 0.1275
40, 4.5, 1, 6, 16, 32, gauss, 0.2445
40, 1.5, 1, 7, 8, 32, gauss, 0.044
40, 0.5, 1, 1, 8, 32, gauss, 0.0315
40, 3.0, 1, 9, 12, 32, gauss, 0.109
40, 7.0, 1, 2, 12, 32, gauss, 0.124
40, 6.0, 1, 7, 12, 32, gauss, 0.1095
40, 1.0, 1, 8, 8, 32, gauss, 0.045
40, 6.0, 1, 6, 16, 32, gauss, 0.242
40, 3.0, 1, 4, 12, 32, gauss, 0.127
40, 0.0, 1, 13, 8, 32, gauss, 0.047
40, 7.5, 1, 11, 12, 32, gauss, 0.1315
40, 1.0, 1, 10, 12, 32, gauss, 0.127
40, 7.0, 1, 3, 12, 32, gauss, 0.1305
40, 4.0, 1, 1, 8, 32, gauss, 0.04
40, 4.5, 1, 3, 8, 32, gauss, 0.0345
40, 6.0, 1, 9, 16, 32, gauss, 0.2105
40, 6.0, 1, 3, 8, 32, gauss, 0.045
40, 6.0, 1, 10, 16, 32, gauss, 0.2275
40, 7.5, 1, 4, 16, 32, gauss, 0.2695
40, 2.0, 1, 10, 8, 32, gauss, 0.0435
40, 0.5, 1, 4, 8, 32, gauss, 0.032
40, 6.0, 1, 11, 8, 32, gauss, 0.0355
40, 6.0, 1, 14, 12, 32, gauss, 0.1305
40, 3.0, 1, 5, 12, 32, gauss, 0.13
40, 3.5, 1, 5, 12, 32, gauss, 0.1215
40, 7.5, 1, 14, 16, 32, gauss, 0.277
40, 0.0, 1, 12, 8, 32, gauss, 0.029
40, 5.5, 1, 3, 16, 32, gauss, 0.221
40, 1.0, 1, 4, 16, 32, gauss, 0.2375
40, 4.0, 1, 6, 16, 32, gauss, 0.2285
40, 1.0, 1, 14, 8, 32, gauss, 0.039
40, 6.5, 1, 14, 8, 32, gauss, 0.0335
40, 1.0, 1, 4, 12, 32, gauss, 0.1285
40, 1.5, 1, 8, 8, 32, gauss, 0.036
40, 1.0, 1, 11, 8, 32, gauss, 0.043
40, 7.0, 1, 11, 16, 32, gauss, 0.244
40, 7.5, 1, 10, 12, 32, gauss, 0.141
40, 3.0, 1, 11, 8, 32, gauss, 0.0335
40, 3.5, 1, 14, 8, 32, gauss, 0.027
40, 4.0, 1, 9, 12, 32, gauss, 0.111
40, 3.0, 1, 14, 12, 32, gauss, 0.101
40, 1.0, 1, 14, 12, 32, gauss, 0.1225
40, 6.0, 1, 2, 12, 32, gauss, 0.1145
40, 2.5, 1, 3, 16, 32, gauss, 0.2505
40, 2.0, 1, 2, 12, 32, gauss, 0.122
