anyons, CorrLen, exp len, q1 failure, q2 failure 
15, 32, 0.0, 0.197733333333, 0.198533333333
15, 32, 0.25, 0.2032, 0.1998
15, 32, 0.5, 0.198266666667, 0.2054
15, 32, 0.75, 0.2052, 0.198866666667
15, 32, 1.0, 0.207, 0.201266666667
15, 32, 1.25, 0.2032, 0.201933333333
15, 32, 1.5, 0.200133333333, 0.203
15, 32, 1.75, 0.2038, 0.208466666667
15, 32, 2.0, 0.201866666667, 0.2056
15, 32, 2.25, 0.208, 0.207
15, 32, 2.5, 0.209733333333, 0.209
15, 32, 2.75, 0.211, 0.208
15, 32, 3.0, 0.197733333333, 0.210066666667
15, 32, 3.25, 0.213266666667, 0.211933333333
15, 32, 3.5, 0.2072, 0.207666666667
15, 32, 3.75, 0.207933333333, 0.214066666667
15, 32, 4.0, 0.208, 0.2126
15, 32, 4.25, 0.204466666667, 0.205533333333
15, 32, 4.5, 0.214266666667, 0.215866666667
15, 32, 4.75, 0.2038, 0.2066
15, 32, 5.0, 0.2046, 0.2076
15, 32, 5.25, 0.207666666667, 0.206266666667
15, 32, 5.5, 0.209266666667, 0.213533333333
15, 32, 5.75, 0.211466666667, 0.213866666667
15, 32, 6.0, 0.2104, 0.209933333333
15, 32, 6.25, 0.222933333333, 0.218466666667
15, 32, 6.5, 0.217933333333, 0.217333333333
15, 32, 6.75, 0.213733333333, 0.211
15, 32, 7.0, 0.215466666667, 0.214333333333
15, 32, 7.25, 0.217, 0.222333333333
15, 32, 7.5, 0.240933333333, 0.230266666667
15, 32, 7.75, 0.233333333333, 0.240666666667
15, 32, 8.0, 0.2362, 0.239533333333
15, 32, 8.25, 0.236133333333, 0.241066666667
15, 32, 8.5, 0.2442, 0.242666666667
15, 32, 8.75, 0.2534, 0.260333333333
15, 32, 9.0, 0.2622, 0.266866666667
15, 32, 9.25, 0.2742, 0.278466666667
15, 32, 9.5, 0.286866666667, 0.283066666667
15, 32, 9.75, 0.297133333333, 0.2956
15, 32, 10.0, 0.297866666667, 0.298533333333
15, 32, 10.25, 0.325533333333, 0.3174
15, 32, 10.5, 0.326666666667, 0.326733333333
15, 32, 10.75, 0.345133333333, 0.352866666667
15, 32, 11.0, 0.351, 0.356333333333
15, 32, 11.25, 0.366066666667, 0.366066666667
15, 32, 11.5, 0.3802, 0.375333333333
15, 32, 11.75, 0.386133333333, 0.376333333333
15, 32, 12.0, 0.382666666667, 0.380266666667
15, 32, 12.25, 0.3916, 0.401
15, 32, 12.5, 0.409266666667, 0.410666666667
15, 32, 12.75, 0.425266666667, 0.418266666667
15, 32, 13.0, 0.430333333333, 0.4254
15, 32, 13.25, 0.439533333333, 0.443
15, 32, 13.5, 0.444466666667, 0.441
15, 32, 13.75, 0.446466666667, 0.436133333333
15, 32, 14.0, 0.442333333333, 0.436733333333
15, 32, 14.25, 0.452933333333, 0.4404
15, 32, 14.5, 0.458066666667, 0.463533333333
15, 32, 14.75, 0.4606, 0.462
15, 32, 15.0, 0.459066666667, 0.465
15, 32, 15.25, 0.4722, 0.472933333333
15, 32, 15.5, 0.473933333333, 0.480933333333
15, 32, 15.75, 0.4704, 0.476
15, 32, 16.0, 0.48, 0.468933333333
15, 32, 16.25, 0.476933333333, 0.473466666667
15, 32, 16.5, 0.491133333333, 0.483333333333
15, 32, 16.75, 0.474133333333, 0.4826
15, 32, 17.0, 0.488533333333, 0.4774
15, 32, 17.25, 0.486733333333, 0.4828
15, 32, 17.5, 0.4908, 0.488133333333
15, 32, 17.75, 0.483866666667, 0.4894
15, 32, 18.0, 0.473533333333, 0.4796
15, 32, 18.25, 0.4878, 0.489666666667
15, 32, 18.5, 0.493666666667, 0.486866666667
15, 32, 18.75, 0.492, 0.494333333333
15, 32, 19.0, 0.489, 0.4828
15, 32, 19.25, 0.490733333333, 0.4902
15, 32, 19.5, 0.490066666667, 0.4852
15, 32, 19.75, 0.4902, 0.483933333333
15, 32, 20.0, 0.492933333333, 0.4848
15, 32, 20.25, 0.4924, 0.4838
15, 32, 20.5, 0.495133333333, 0.4976
15, 32, 20.75, 0.492066666667, 0.495933333333
15, 32, 21.0, 0.4852, 0.491866666667
15, 32, 21.25, 0.493866666667, 0.499066666667
15, 32, 21.5, 0.489933333333, 0.4976
15, 32, 21.75, 0.4888, 0.495266666667
15, 32, 22.0, 0.486333333333, 0.488333333333
15, 32, 22.25, 0.4894, 0.495333333333
15, 32, 22.5, 0.496333333333, 0.499066666667
15, 32, 22.75, 0.4892, 0.497
15, 32, 23.0, 0.493733333333, 0.498533333333
15, 32, 23.25, 0.4948, 0.496133333333
15, 32, 23.5, 0.4882, 0.492266666667
15, 32, 23.75, 0.492466666667, 0.4922
15, 32, 24.0, 0.4878, 0.4904
15, 32, 24.25, 0.5082, 0.488733333333
15, 32, 24.5, 0.494666666667, 0.496266666667
15, 32, 24.75, 0.486866666667, 0.491733333333
15, 32, 25.0, 0.483866666667, 0.498066666667
15, 32, 25.25, 0.493266666667, 0.4928
15, 32, 25.5, 0.488333333333, 0.500066666667
15, 32, 25.75, 0.491, 0.490733333333
15, 32, 26.0, 0.485933333333, 0.498333333333
15, 32, 26.25, 0.497666666667, 0.485133333333
15, 32, 26.5, 0.4868, 0.495066666667
15, 32, 26.75, 0.4936, 0.499933333333
15, 32, 27.0, 0.489733333333, 0.485266666667
15, 32, 27.25, 0.489333333333, 0.487266666667
15, 32, 27.5, 0.489333333333, 0.485866666667
15, 32, 27.75, 0.489866666667, 0.4836
15, 32, 28.0, 0.487266666667, 0.486133333333
15, 32, 28.25, 0.49, 0.493733333333
15, 32, 28.5, 0.490866666667, 0.4892
15, 32, 28.75, 0.491533333333, 0.5002
15, 32, 29.0, 0.483866666667, 0.478466666667
15, 32, 29.25, 0.490933333333, 0.489133333333
15, 32, 29.5, 0.488, 0.4888
15, 32, 29.75, 0.492666666667, 0.488066666667
15, 32, 30.0, 0.4872, 0.485733333333
15, 32, 30.25, 0.494666666667, 0.490266666667
15, 32, 30.5, 0.494066666667, 0.4844
15, 32, 30.75, 0.4856, 0.491733333333
15, 32, 31.0, 0.480666666667, 0.481733333333
15, 32, 31.25, 0.487066666667, 0.4924
15, 32, 31.5, 0.4864, 0.490466666667
15, 32, 31.75, 0.489466666667, 0.484733333333
