anyons, CorrLen, exp len, q1 failure, q2 failure 
0.25, 15, 32, 5.016, 0.228885714286, 0.2302
1.0, 15, 32, 5.016, 0.198942857143, 0.204571428571
1.75, 15, 32, 5.016, 0.205857142857, 0.210228571429
2.5, 15, 32, 5.016, 0.204371428571, 0.200885714286
3.25, 15, 32, 5.016, 0.194571428571, 0.197942857143
4.0, 15, 32, 5.016, 0.202114285714, 0.207942857143
4.75, 15, 32, 5.016, 0.196085714286, 0.197685714286
5.5, 15, 32, 5.016, 0.189685714286, 0.1954
6.25, 15, 32, 5.016, 0.1994, 0.201628571429
7.0, 15, 32, 5.016, 0.190228571429, 0.1924
7.75, 15, 32, 5.016, 0.188485714286, 0.189457142857
8.5, 15, 32, 5.016, 0.192428571429, 0.193114285714
9.25, 15, 32, 5.016, 0.189085714286, 0.189714285714
10.0, 15, 32, 5.016, 0.186314285714, 0.188485714286
