anyons, CorrLen, exp len, q1 failure, q2 failure 
0.25, 15, 32, 5.016, 0.226225, 0.227425
1.0, 15, 32, 5.016, 0.2020875, 0.202475
1.75, 15, 32, 5.016, 0.2071875, 0.2093625
2.5, 15, 32, 5.016, 0.20225, 0.2017375
3.25, 15, 32, 5.016, 0.194175, 0.196525
4.0, 15, 32, 5.016, 0.203, 0.2018125
4.75, 15, 32, 5.016, 0.1915125, 0.188525
5.5, 15, 32, 5.016, 0.1925125, 0.1917375
6.25, 15, 32, 5.016, 0.1999, 0.1989125
7.0, 15, 32, 5.016, 0.18855, 0.189775
7.75, 15, 32, 5.016, 0.1895375, 0.1912
8.5, 15, 32, 5.016, 0.1890875, 0.1897125
9.25, 15, 32, 5.016, 0.190575, 0.1905625
10.0, 15, 32, 5.016, 0.185, 0.1877875
10.75, 15, 32, 5.016, 0.18405, 0.1842625
11.5, 15, 32, 5.016, 0.1836875, 0.18305
12.25, 15, 32, 5.016, 0.1845, 0.1848375
13.0, 15, 32, 5.016, 0.191575, 0.1951375
13.75, 15, 32, 5.016, 0.1925875, 0.194525
14.5, 15, 32, 5.016, 0.192075, 0.1954125
15.25, 15, 32, 5.016, 0.1943375, 0.194625
16.0, 15, 32, 5.016, 0.191325, 0.190625
16.75, 15, 32, 5.016, 0.19055, 0.191975
17.5, 15, 32, 5.016, 0.1897625, 0.192875
18.25, 15, 32, 5.016, 0.186025, 0.1863875
19.0, 15, 32, 5.016, 0.183975, 0.1901
19.75, 15, 32, 5.016, 0.191725, 0.19425
